1 167.368882 -173.538742
1 63.854769 -124.189396
1 86.695666 24.409172
1 130.632095 -169.508234
1 -57.538559 -58.009787
1 -68.362824 -25.542944
1 97.918009 -31.010691
1 93.595407 -12.157113
1 -79.446869 171.638050
1 75.976518 13.611397
1 -119.265362 144.050151
1 89.913833 167.304118
1 83.157328 -169.299667
1 -162.678550 174.642268
1 -62.311099 -41.643950
1 -82.346714 -5.025565
1 -109.019764 16.878473
1 90.866071 93.827661
1 -93.153077 71.620285
1 86.428319 -73.501674
1 65.534060 31.230862
1 81.716827 -0.095356
1 102.313823 5.488010
1 63.817176 51.436352
1 -99.319256 -160.837336
1 70.901694 -148.522464
1 111.381828 143.328774
1 -111.984107 -108.386243
1 132.018500 -17.218729
1 -69.758819 140.416969
2 -69.538122 146.521013
2 156.826908 122.905798
2 -106.590211 28.629773
2 -63.157503 -45.875147
2 -62.486409 -24.364140
2 -154.983454 153.165025
2 -71.023265 -33.479313
2 58.044498 40.225784
2 -140.024930 77.914147
2 -57.637542 -40.892961
2 67.227428 -44.349426
2 -59.092775 -54.543128
2 -78.762299 -21.023952
2 -84.895652 79.475118
2 -57.942578 -33.227426
2 -70.610427 -12.250230
2 -84.759642 -51.851986
2 -53.820631 -69.907246
2 -62.487803 128.318655
2 -66.267506 -39.643210
2 -139.037366 -21.860623
2 -49.888740 -48.367261
2 -101.122651 124.643057
2 -97.024572 -5.688579
2 -98.029853 -31.567475
2 -120.018240 -123.069887
2 68.323960 -145.361083
2 -84.771090 6.425373
2 -124.206403 144.602290
2 -83.935655 163.277557
3 -63.210826 -18.886308
3 71.963078 -69.603780
3 -67.313577 -47.011820
3 -152.174880 146.563716
3 -113.867812 -63.357695
3 -116.311469 15.146428
3 -62.250604 130.376495
3 -56.024183 -49.772408
3 -85.814415 91.326548
3 95.464004 61.769881
3 -69.175398 -38.793221
3 -82.978527 116.285610
3 -98.589000 162.831287
3 -67.264051 152.567589
3 -132.841469 139.716178
3 -62.567668 -60.252036
3 -111.313027 109.669233
3 -103.484148 125.359079
3 -92.929928 -44.567951
3 -126.446131 74.186516
3 -58.861566 -41.913101
3 -61.405689 -31.522009
3 -131.967724 117.578018
3 -112.813347 141.751724
3 -85.306351 -7.758981
3 -131.522697 165.148674
3 -78.622164 -26.877976
3 -85.574559 136.054145
3 -120.200524 127.397645
3 -117.572199 -17.002013
4 -109.607201 153.305522
4 -54.771127 -45.141171
4 -112.550924 -4.381780
4 -89.330924 175.984810
4 -65.433533 -19.836684
4 -69.088641 -91.157187
4 -53.216893 -56.505940
4 -156.911452 131.170696
4 -84.378402 111.160298
4 134.527611 149.720875
4 -78.931059 -40.868768
4 -64.605933 -48.041604
4 -67.435161 132.471833
4 -129.979470 141.388276
4 -112.872947 31.634400
4 -63.436045 -40.501868
4 -98.330593 -24.127893
4 -81.585128 -7.653092
4 62.467319 31.506959
4 -96.508845 77.195556
4 -118.050845 114.112831
4 -75.333688 151.295575
4 -79.349805 -58.761586
4 -77.686954 -25.886991
4 -116.859045 -45.388649
4 -94.991437 8.729102
4 -101.244454 130.769887
4 76.197522 -80.632849
4 -67.824885 -33.804683
4 -56.980235 -31.642586
5 -76.250033 153.141488
5 -63.545095 -43.062560
5 -102.132140 -25.662093
5 -60.073201 -48.148736
5 -55.819281 -55.653905
5 -69.223605 -49.840683
5 60.511617 -68.780920
5 -69.829867 -15.589053
5 -72.594085 -40.087979
5 -60.870018 -26.568387
5 -82.579924 -62.291018
5 -114.749118 2.214649
5 -73.134879 -30.842829
5 64.851150 82.398521
5 -89.619404 -3.596181
5 -117.543157 103.578296
5 -72.007263 130.076964
5 -119.522997 -59.994811
5 -145.595331 146.584862
5 160.863400 143.712303
5 -104.399196 -125.964944
5 -124.691114 128.303724
5 -46.244995 -68.655607
5 -93.631122 -47.387771
5 -50.038717 -45.875085
5 -90.814147 111.231796
5 -60.007358 -36.563075
5 -120.559041 158.698257
5 -103.781330 129.284157
5 -112.300843 32.276957
6 -73.995128 161.556814
6 -103.118440 -1.075728
6 -89.184061 -21.289835
6 127.383520 -104.518799
6 -53.378564 -62.772355
6 -126.226144 22.547177
6 -131.245910 -37.974800
6 -92.973047 15.607775
6 -69.181852 -33.421058
6 -147.139651 155.486279
6 -87.997029 175.638615
6 -69.021616 -14.918117
6 -97.264824 143.204724
6 -165.928887 163.259785
6 -64.075487 -41.838232
6 -57.992759 -48.848526
6 -64.181990 -24.839972
6 -123.222705 165.637565
6 90.202880 155.821805
6 -81.079045 -4.357439
6 -94.984258 112.903034
6 -137.720465 97.874617
6 -92.766864 -99.531566
6 -53.534090 -35.552306
6 -61.554635 127.726942
6 -66.174541 145.587586
6 62.043669 36.790199
6 -85.740225 -44.741929
6 -86.784964 70.648690
6 -126.301072 136.416677
7 -118.762223 35.588031
7 -151.411470 157.427801
7 -124.455309 106.515926
7 -136.966125 -16.381956
7 -49.513291 -50.598516
7 -74.580919 152.246255
7 52.143382 -81.705633
7 -75.336085 -30.149305
7 -68.630922 -39.675889
7 -111.933174 -23.449592
7 -89.309819 167.444000
7 -125.811689 162.592148
7 75.484758 97.330537
7 -115.129614 5.497672
7 -65.405810 -51.565753
7 -66.101601 -22.534647
7 104.924007 10.351687
7 -64.957770 130.436942
7 -98.967057 126.507453
7 -81.541974 90.998624
7 -91.748982 -15.709935
7 -103.350748 -168.076763
7 -57.572238 -33.904414
7 -71.414990 -8.903653
7 -125.172929 135.361440
7 -125.552879 -82.487594
7 -60.835457 -44.256037
7 -91.882628 -44.624204
7 -60.983242 -72.730573
7 -92.971401 4.361348
8 -100.370962 36.920157
8 -106.325528 149.791649
8 -134.625815 18.328247
8 -55.244267 -34.310335
8 -65.090023 -23.253560
8 -65.637012 117.743241
8 -70.134076 -33.972401
8 -84.568069 2.368167
8 60.675958 41.105585
8 -140.368119 81.496397
8 142.129079 -111.876361
8 -94.835005 121.479955
8 -91.273389 100.614362
8 -101.319334 13.642362
8 -125.279084 114.467468
8 -101.688485 -86.931328
8 -72.084690 155.377884
8 -71.613912 -53.623317
8 -100.427024 -41.610919
8 -86.393615 76.194291
8 -64.980692 136.573034
8 -73.914163 -11.162913
8 -41.891989 -64.491760
8 -104.582334 -6.984432
8 -55.624207 -48.021503
8 -162.922005 150.579416
8 -64.025326 -41.791776
8 -88.055571 -179.054434
8 -137.606442 173.403354
8 -89.439490 -24.837317
9 -87.088150 -27.242278
9 -48.009434 -47.042979
9 -67.150370 -20.868350
9 -127.066954 -31.149293
9 53.697527 53.867175
9 -96.054071 134.904446
9 -122.935755 23.592110
9 -58.267531 -29.597587
9 -101.462979 -4.279780
9 -62.913405 -47.420047
9 -92.722188 -48.611747
9 -76.436791 -8.430016
9 -70.114808 -40.982877
9 -68.698500 -33.778714
9 -87.944430 110.242860
9 -112.498687 -112.423254
9 -56.780193 -57.277495
9 -59.780923 128.894344
9 152.385947 162.711567
9 -86.195150 165.716837
9 -59.857900 -40.031076
9 -58.151964 -77.181493
9 -155.490104 145.539597
9 -93.203088 70.672623
9 -68.839749 146.903955
9 72.828128 16.803666
9 -126.624973 152.621820
9 -125.597958 119.338937
9 54.030748 -105.325820
9 -92.033760 12.869604
10 -96.005235 118.227925
10 -66.948722 -27.625866
10 68.572722 13.665613
10 -123.397271 -22.542394
10 -100.736746 31.600881
10 -63.809123 -38.016871
10 -86.932066 -100.952573
10 -88.107487 -0.621934
10 -35.394874 -67.592071
10 -70.689384 -12.897252
10 -85.841469 66.894600
10 56.150982 39.838598
10 -162.935993 166.422982
10 -129.247547 18.949118
10 -61.080401 119.316752
10 -131.031169 165.382157
10 -138.930515 68.675476
10 -89.435071 -47.830964
10 -68.644446 137.168927
10 -138.876365 125.637901
10 -88.342042 96.679142
10 50.869289 63.836341
10 -90.355842 -21.879732
10 -118.379090 102.635497
10 -101.320672 11.457463
10 -105.878178 144.188982
10 -92.127989 -178.788166
10 -61.261797 -47.182114
10 106.872407 -122.699950
10 -77.206751 158.206251
11 -73.470433 -60.011750
11 55.482679 49.986767
11 -115.226330 164.146617
11 -59.335151 -91.941545
11 -59.234973 -31.888354
11 -83.402245 -41.789051
11 -57.929519 -51.083463
11 -64.907622 -38.515590
11 -89.029173 -3.696704
11 -99.674324 11.806229
11 -133.227553 104.608152
11 65.274670 20.921134
11 -72.877716 -33.429186
11 -120.008241 30.556631
11 -88.384075 -21.158999
11 -90.349982 112.302326
11 -69.683407 -11.474035
11 -66.545673 -44.851759
11 -68.188859 133.027674
11 -66.217352 -23.746309
11 -115.474265 -44.558351
11 -149.808138 150.644399
11 -58.029670 -43.066231
11 -28.471584 -63.535622
11 141.335903 -139.443339
11 -88.937410 70.359466
11 -122.482395 -10.697534
11 -113.956092 135.497511
11 -39.502474 -38.754155
11 -76.497914 155.810385
12 -103.172774 25.882618
12 -54.033350 -68.513737
12 -90.537778 -21.388780
12 -93.014343 -44.332101
12 70.736957 -127.742665
12 -122.511013 1.371741
12 -64.103969 -53.130317
12 -69.601848 -41.954758
12 -71.690697 -11.112644
12 -81.956130 79.946114
12 71.267690 10.767636
12 -93.906420 137.831483
12 -62.426836 -23.192698
12 -130.978699 88.011898
12 -93.177188 1.944556
12 -61.971324 -37.648956
12 -48.358303 -52.896113
12 -49.512823 -37.998880
12 -72.153825 153.181623
12 -63.010257 129.853316
12 132.644569 116.523342
12 -109.228372 166.121771
12 -96.741037 114.719680
12 -150.599838 151.071080
12 -124.683710 134.098866
12 -70.224617 -31.727407
12 -59.651949 -45.303706
12 -128.144499 -42.200269
12 -95.036065 -96.044624
12 55.923414 45.237436
13 -101.898247 -5.065860
13 80.653264 -95.146434
13 -60.584994 -25.877536
13 -77.775849 -64.225006
13 -121.614155 59.276910
13 -83.089279 -21.867366
13 -133.522193 -65.543793
13 -127.364887 117.516588
13 -57.623936 -51.271952
13 -89.958946 120.337005
13 -58.760493 -36.044974
13 -45.922261 -46.281939
13 -84.009742 83.999565
13 -70.486316 -31.647019
13 -59.585853 -43.451939
13 -150.312861 155.260459
13 60.482561 38.030668
13 -88.590764 -41.468110
13 -120.414610 145.927265
13 -86.970725 163.162032
13 -124.410489 17.082986
13 -67.610069 -39.077111
13 -94.928906 13.959856
13 -41.867656 -64.265407
13 -111.336995 -25.954994
13 -68.310436 138.882417
13 -78.135834 -3.738212
13 -67.615519 -16.527845
13 -68.230790 -46.477880
13 160.117461 136.913765
14 -64.677397 -27.573481
14 -77.908430 -15.142671
14 -111.995828 -143.741085
14 63.752986 36.024706
14 -91.999267 147.925983
14 -120.150391 91.767847
14 -90.114005 2.198012
14 -170.182168 154.562509
14 -133.792355 173.933322
14 -94.916585 170.352336
14 -91.710740 127.653777
14 -102.364619 109.829770
14 -79.157221 75.573455
14 -65.073015 135.715367
14 -126.032727 155.473875
14 -154.121702 162.706335
14 -128.810592 54.270634
14 -58.998436 -50.554379
14 -117.718515 12.998734
14 -61.696935 -40.390846
14 117.379205 160.935363
14 -123.976840 129.682275
14 -93.337137 -67.928526
14 68.183914 -86.943186
14 -111.112356 147.910301
14 -146.286642 118.882994
14 -75.947011 -38.587912
14 -63.135298 116.635562
14 -113.387089 -33.091604
14 -69.148965 156.821321
15 -52.550400 -47.974231
15 -94.863671 5.441762
15 -50.766604 -35.064152
15 -139.851361 145.657746
15 71.831877 3.663968
15 -69.454766 133.812039
15 -85.402070 -45.718807
15 -100.692725 -25.816165
15 -62.256942 -44.997136
15 -78.861364 -9.377333
15 -61.775161 -38.169283
15 -122.303717 132.375213
15 56.781548 51.665388
15 -99.333524 127.749468
15 -68.580762 -40.602189
15 -85.824524 101.118656
15 -76.695252 156.072787
15 -130.119639 93.712832
15 -115.625254 160.787462
15 66.701783 -152.285297
15 -63.549378 -27.837712
15 -71.496822 -34.089399
15 -72.378388 -21.644625
15 -127.449267 22.115454
15 -86.820782 66.029167
15 -46.999853 -63.429003
15 -99.470299 -79.285362
15 -158.889093 163.140448
15 -61.889007 -53.101958
15 171.472787 177.936305
16 59.082639 37.183499
16 -134.303950 124.673192
16 49.184134 -107.269139
16 156.987964 -41.489523
16 -129.762502 29.870364
16 -92.556153 171.148244
16 -91.181516 4.934794
16 -138.248561 161.575338
16 -162.228413 151.604491
16 -112.234659 142.753782
16 -70.081095 -39.604159
16 -138.354429 -28.186645
16 -131.304322 77.138613
16 -78.709358 -10.322905
16 -87.271704 82.580696
16 -67.588178 127.035098
16 -112.786996 -3.567768
16 -103.933711 115.803385
16 -64.657139 -20.467565
16 -55.486165 -36.935440
16 -74.176872 146.027737
16 62.350154 97.993913
16 -61.906226 -44.151770
16 -58.829977 -50.407582
16 -112.434005 -110.964415
16 -97.350748 25.289540
16 -56.602976 -60.973358
16 -89.925260 -55.380192
16 -93.455607 -26.614787
16 -68.683658 -30.808371
17 -128.933590 136.767558
17 -117.970727 -52.125781
17 -134.350122 112.481775
17 -110.237430 23.077819
17 -69.181675 143.221212
17 -107.767852 108.670332
17 -92.252517 -0.964654
17 78.965839 -89.811974
17 -88.615291 -25.284127
17 -61.966413 -69.107151
17 -58.192515 -51.993391
17 -87.129329 76.462561
17 -68.090115 -18.951910
17 -58.278009 -43.874431
17 -81.072973 110.968096
17 -58.229289 129.762516
17 -111.217514 131.047739
17 -121.832434 -8.701745
17 -161.112702 153.648753
17 -79.073845 160.359742
17 -97.568767 -173.293360
17 -96.438774 145.839634
17 -130.483989 71.935552
17 -140.635685 158.952613
17 -65.118573 -33.180468
17 62.544145 35.127660
17 132.137577 144.952160
17 -117.605257 156.452477
17 -88.626493 128.304147
17 -70.584650 -43.337308
18 -96.901513 6.653326
18 -137.463336 158.531273
18 -126.303462 4.127390
18 82.216251 5.134085
18 -116.404592 -50.232097
18 64.527768 -150.925365
18 -64.783607 -70.114679
18 -55.426463 -44.353664
18 -22.404035 -64.269888
18 -113.611816 111.813783
18 56.416120 43.641132
18 -98.296155 135.956541
18 -62.492932 -31.872869
18 -66.024502 -39.258175
18 -116.623937 154.224893
18 -68.042228 -19.491722
18 -82.513951 159.847792
18 -66.614774 -47.674813
18 -108.773358 26.077664
18 -158.661374 151.018748
18 -64.722319 136.953790
18 -133.562177 74.045418
18 -92.173615 81.815640
18 -109.810195 -14.165857
18 -85.633797 -31.740798
18 -129.202604 131.455843
18 -84.754670 -7.239692
18 -56.879650 -53.075252
18 -81.220300 117.198137
18 -112.151406 -137.018376
19 -92.035577 141.908491
19 -83.433910 -3.268022
19 -82.568668 165.059021
19 -149.456765 126.640204
19 -90.639971 79.094615
19 -113.189267 -22.988890
19 150.560647 -43.648720
19 -67.088386 135.880685
19 -110.887329 133.691008
19 -136.463450 157.694738
19 -103.427137 -90.499624
19 61.108815 37.993798
19 -64.848480 122.073731
19 -62.958512 -29.837555
19 -55.312600 -52.664027
19 -66.563281 -38.189551
19 -107.276126 17.376230
19 -71.911783 -18.751130
19 -110.566925 110.938105
19 -129.001278 126.135494
19 -119.902851 147.989764
19 -134.708474 77.197312
19 -108.253007 167.296973
19 -65.756574 148.799892
19 -70.653389 -48.058208
19 -57.088504 -43.615939
19 -159.080133 165.396637
19 -84.601291 103.325148
19 -91.791616 125.250534
19 38.798750 116.077713
20 -61.423693 -22.993209
20 -56.423681 -37.361958
20 -71.438383 100.780172
20 -86.170561 11.729780
20 -117.840202 134.070398
20 -57.010687 -46.589373
20 -84.375260 162.521374
20 -71.179560 141.811939
20 -55.457339 118.933579
20 -78.588847 -17.386795
20 -62.615261 150.268602
20 -63.619544 -14.737564
20 91.999602 100.744819
20 -54.736269 -29.577188
20 -73.416829 172.588990
20 -51.253296 130.404239
20 -78.242604 149.544369
20 -60.009728 136.762886
20 -54.502526 162.217362
20 -55.321988 143.971099
20 -43.952807 -58.091162
20 -69.298164 158.993758
20 -74.789567 -4.445179
20 -42.645212 -41.969720
20 -82.559509 -165.582623
20 -70.572650 -97.513723
20 -78.025342 69.988805
20 -73.525258 127.466807
20 -66.207462 -31.665662
20 -80.890648 46.497151
