1 161.250494 -168.693269
1 63.393083 -126.404235
1 65.925273 37.956106
1 79.847971 -156.373438
1 -102.644028 -149.982458
1 -63.988498 -34.551366
1 105.449003 -15.296292
1 86.233918 0.398315
1 -85.181331 173.145132
1 79.322361 18.209778
1 -84.904804 138.923316
1 108.379523 150.469723
1 90.780167 177.921428
1 -158.894079 168.882711
1 -62.205716 -48.872520
1 -77.163734 -12.056483
1 -105.584035 12.817256
1 85.180013 85.526939
1 -96.630368 70.809616
1 89.613025 -60.731542
2 -66.890761 134.157196
2 -65.595511 -44.487703
2 -76.768861 156.775532
2 148.694325 134.166704
2 -143.100236 76.525289
2 -74.319159 -15.078850
2 -54.495388 -47.234112
2 60.343950 38.046937
2 -103.671535 39.222460
2 -151.633096 154.357125
2 -90.725048 3.219309
2 -111.517639 -27.490186
2 -73.289863 -33.872322
2 -60.380286 -38.229754
2 -61.258444 -27.063037
2 -90.050047 92.893312
2 76.110451 -96.156913
2 -57.755356 -58.724703
2 -114.959816 137.005084
2 -112.309504 -103.407562
3 -90.074486 -12.219244
3 71.963078 -69.603780
3 -63.123843 -38.333081
3 -146.654434 148.019120
3 -115.385555 -49.906973
3 -118.117658 8.799758
3 -66.213739 131.192471
3 -61.051018 -46.697385
3 -86.167686 100.131728
3 95.464004 61.769881
3 -66.249263 -25.322266
3 -90.777312 122.804001
3 -126.196242 162.149961
3 -77.113341 153.937697
3 -108.847875 136.768487
3 -61.979425 -56.904075
3 -125.207230 82.825900
3 -114.523763 117.216005
3 -80.429924 -41.723280
3 -128.825359 130.857723
4 -115.547389 151.867098
4 -58.110348 -40.901895
4 -111.142375 28.051158
4 -78.938778 156.022039
4 -64.369656 -28.681617
4 -65.780159 -84.607630
4 -54.079556 -54.368866
4 -123.836343 -24.614479
4 -108.468069 123.943796
4 138.639904 -116.313805
4 -92.926404 -48.912597
4 -64.160605 -46.978878
4 -71.068125 131.715253
4 -145.081196 133.217622
4 -92.684957 0.069008
4 -68.808207 -37.625248
4 -88.820258 -25.160626
4 -71.625223 -14.611685
4 64.069060 33.705471
4 -95.741569 93.902957
5 -105.764523 132.075232
5 -59.695976 -41.133711
5 -108.972847 -16.175616
5 -61.410163 -48.902160
5 -47.759828 -53.557812
5 -96.938068 -48.595792
5 73.877437 -70.046138
5 -68.212082 -20.137997
5 -68.567122 -43.569753
5 -60.921886 -31.847844
5 -68.529426 -61.541992
5 -113.683636 18.279097
5 -74.842672 -34.466808
5 -95.691203 109.686705
5 -86.152844 -4.681208
5 -125.952677 121.392160
5 -72.945854 134.809425
5 -119.737779 -75.193498
5 -133.130373 155.247031
5 103.241096 89.250000
6 -72.352426 150.464054
6 -89.509684 0.713824
6 -94.879059 -21.932818
6 129.113375 -152.073274
6 -57.158725 -85.145418
6 -91.182814 78.705725
6 -138.955677 -44.439335
6 -117.778908 19.516436
6 -73.179330 -43.785122
6 -138.982288 111.929636
6 -84.165095 170.750222
6 -71.180646 -14.618908
6 -103.371355 128.432241
6 -157.770717 160.881213
6 -61.294507 -38.345396
6 -56.025600 -50.010932
6 -65.812493 -27.431483
6 -128.579459 155.604127
6 -61.518203 128.424331
6 64.283384 36.736207
7 -123.611425 -5.419782
7 -149.845157 155.369045
7 -115.142455 25.121186
7 -128.064476 -75.644502
7 -60.798867 -46.062417
7 -81.902547 160.871815
7 52.143382 -81.705633
7 -70.990603 -19.675992
7 -65.481536 -35.761460
7 -86.368992 -44.430650
7 -126.000188 153.376447
7 -106.629102 178.988659
7 124.260525 122.683776
7 -101.695438 -22.609306
7 -58.755733 -62.477960
7 65.050674 26.286297
7 -91.245665 -0.583944
7 -69.894835 131.184889
7 -113.199614 126.653550
7 -101.084846 93.918885
8 -137.996678 18.283493
8 -72.108711 150.513150
8 -96.278579 5.376692
8 -64.053685 -34.287502
8 -67.566007 -21.923642
8 -65.372410 127.710413
8 -63.725228 -43.493702
8 -79.150971 -7.283714
8 60.446443 41.193728
8 -137.569832 98.634612
8 138.882061 -110.700667
8 -109.947065 133.521647
8 -91.353562 108.292410
8 -103.965001 28.794575
8 -152.918223 166.386823
8 -93.151896 -68.015126
8 -91.480344 178.545639
8 -52.927310 -53.269154
8 -96.180996 -27.909895
8 -86.495767 78.774983
9 62.390472 42.027452
9 -115.753702 -38.227309
9 -61.309007 -38.048904
9 -67.336738 131.509063
9 -152.309790 139.719839
9 -84.633742 -24.095434
9 -90.643256 92.099084
9 -121.140549 40.898643
9 -63.831553 -27.245640
9 -78.660195 155.329116
9 -97.700597 5.138283
9 134.064797 -109.820979
9 -74.284297 -38.999909
9 -44.823724 -53.813947
9 -87.289538 -108.995011
9 -110.684711 125.112441
9 -73.197976 -11.342308
9 -61.110276 -46.061150
9 -66.151455 -58.234405
9 -122.716971 153.821201
10 -96.652825 109.424630
10 -66.501365 -31.282656
10 65.846452 20.110611
10 -115.513239 3.790796
10 -101.877845 25.474589
10 -62.866475 -44.469302
10 -68.210251 -85.429875
10 -89.840586 3.587663
10 106.543923 -118.279588
10 -75.324467 -13.943849
10 -88.275708 72.014236
10 54.253596 48.893991
10 -156.477899 165.002494
10 -139.428490 42.222925
10 -62.458924 125.369188
10 -93.224146 175.533362
10 -136.382649 99.083594
10 -104.942558 -32.413902
10 -79.252898 147.211491
10 -121.627159 144.003037
11 -82.939001 -70.883218
11 60.515217 37.978669
11 -95.177211 160.229749
11 41.046999 -107.432339
11 -53.567750 -36.675042
11 -121.797614 -26.006615
11 -57.268435 -52.527771
11 -66.543234 -36.778923
11 -96.076610 3.916129
11 -117.037546 28.447466
11 -144.103413 147.701516
11 155.066236 129.160803
11 -82.951193 -38.463780
11 -103.147133 86.238617
11 -89.030819 -18.698184
11 -108.270998 125.194936
11 -72.482220 -10.093159
11 -63.098763 -44.065116
11 -68.983948 135.471803
11 -65.306417 -26.073098
12 -97.598513 90.013192
12 -90.809455 -87.028385
12 -67.183250 -20.564998
12 -112.621616 -44.404402
12 138.009997 -156.891494
12 -102.883850 -11.812658
12 -63.764153 -48.875775
12 -64.353517 -40.844726
12 -77.211477 -7.103012
12 -143.298148 148.069513
12 62.553379 37.875315
12 -111.526792 129.017779
12 -80.135065 -33.279632
12 -141.376979 31.631173
12 -99.232752 13.474180
12 -50.700832 -43.865497
12 -53.000957 -58.865822
12 -61.597829 -32.263409
12 -90.574995 158.725673
12 -69.290384 132.210988
13 -89.754990 5.811113
13 139.927531 -165.055005
13 -73.677920 -14.869235
13 -59.579658 -64.560123
13 -119.751180 27.814050
13 -108.169064 -10.014649
13 -128.972345 -53.434503
13 -108.766849 80.827414
13 76.383515 -35.226308
13 -69.520527 139.045604
13 -62.256327 -37.971129
13 -55.142248 -48.604992
13 -87.100772 116.426435
13 -63.476151 -27.459727
13 -66.595273 -44.917687
13 -148.614535 153.500128
13 58.836267 40.800244
13 -81.968356 -33.481905
13 -121.996318 134.828098
13 -91.690283 162.728806
14 -66.628332 -26.489214
14 -111.198191 -38.952777
14 -103.114861 -139.055248
14 63.752986 36.024706
14 -69.390405 147.943892
14 -130.372342 121.255925
14 -82.337917 -9.782753
14 -160.305715 142.334094
14 -129.443136 158.447657
14 -91.064221 168.118796
14 -68.349696 124.407675
14 -101.408980 120.879950
14 -87.612168 85.101978
14 118.336566 174.961566
14 -107.194287 145.836587
14 -150.432185 -167.819729
14 -129.403343 61.037200
14 -58.499491 -51.859226
14 -109.974140 10.497634
14 -64.881012 -40.250137
15 -55.093938 -52.568216
15 -110.713303 11.462149
15 150.408675 -67.600664
15 -153.802924 155.992204
15 60.159596 27.034556
15 -69.290405 135.363490
15 -79.162432 -69.681563
15 -94.251317 -35.284344
15 -63.160767 -44.459245
15 -82.842784 -6.181209
15 -67.923158 -24.984788
15 -127.239703 130.641957
15 54.435580 73.005713
15 -96.832214 123.721063
15 -64.501254 -36.632398
15 -87.964039 75.571501
15 -78.182457 157.385495
15 -132.964030 85.367154
15 -120.527827 155.989145
15 66.701783 -152.285297
16 57.218639 50.792285
16 -122.931780 116.279709
16 47.554410 -102.369093
16 87.513636 16.279459
16 -110.309003 26.910018
16 -86.223051 162.984761
16 -92.903728 5.623191
16 -137.233008 162.094323
16 -161.436193 145.817914
16 -110.510350 140.482347
16 -61.307320 -51.198644
16 -118.886136 -9.571311
16 -134.950099 68.748354
16 -76.721623 -12.825688
16 -89.041720 82.739723
16 -66.796416 138.661624
16 -115.013405 -62.801827
16 -84.171959 117.267190
16 -70.896599 -28.835751
16 -63.213360 -40.806675
17 -133.908017 139.728363
17 -85.163812 -42.888609
17 -116.491199 86.851149
17 -114.132687 26.427235
17 -69.520022 138.019532
17 -108.108897 126.834796
17 -96.685884 -0.262715
17 -65.039124 -32.542535
17 -75.794118 -19.131411
17 -58.840359 -70.470572
17 -57.976258 -51.535861
17 53.830237 49.103753
17 73.987116 8.212398
17 -62.246724 -43.379402
17 -83.664019 113.150492
17 128.189960 -174.384797
17 -112.164479 151.881961
17 -128.042374 -25.354263
17 -154.356524 158.309551
17 -82.606569 162.471308
18 -111.281909 20.641072
18 -126.781125 156.566924
18 -117.559864 -10.939465
18 58.192611 39.891727
18 -114.139647 -52.442179
18 64.527768 -150.925365
18 -52.326001 -63.389640
18 -58.473400 -43.031797
18 89.044131 -3.461618
18 -92.961504 119.401146
18 -91.481744 0.270597
18 -65.989593 135.226435
18 -62.685987 -31.170402
18 -72.517874 -39.159575
18 -122.818481 127.461685
18 -76.616568 -19.501266
18 -88.442945 154.517211
18 -61.182970 -50.571062
18 -112.906067 82.151664
18 -154.692201 151.364792
19 -96.241942 136.777557
19 -83.433910 -3.268022
19 -89.298774 165.672358
19 -161.865908 149.544287
19 -100.524204 84.289363
19 -113.189267 -22.988890
19 150.560647 -43.648720
19 -67.864097 144.495029
19 -121.160835 146.643438
19 -141.938298 158.834984
19 -103.427137 -90.499624
19 63.874659 45.145973
19 -61.578158 127.007463
19 -64.102814 -32.686652
19 -57.494948 -51.900292
19 -63.518881 -43.068219
19 -107.681566 17.702689
19 -71.366031 -19.088642
19 -92.105647 113.656875
19 -126.871228 118.633488
20 -60.694215 -26.853737
20 -49.640913 -50.359166
20 -70.755951 100.338723
20 -83.428623 33.927974
20 -115.335900 133.072630
20 -65.304805 -93.602763
20 -79.417130 173.413927
20 -72.970989 140.635631
20 -76.481665 65.426375
20 -68.605869 -14.453024
20 -62.834032 153.916018
20 -82.244104 1.369250
20 -46.716691 123.693647
20 -56.270059 -37.555017
20 -81.011269 -162.245106
20 -69.838930 124.978269
20 -78.690166 152.989640
20 -56.281175 135.568327
20 -69.277393 163.518813
20 -59.175359 145.282755
