0 0 -0.480
0 1 0.062
0 2 0.091
0 3 -0.005
0 4 0.208
0 5 0.122
0 6 0.027
0 7 0.082
0 8 0.055
0 9 0.055
0 10 0.169
0 11 0.091
0 12 0.360
0 13 0.386
0 14 -0.511
0 15 -0.498
0 16 0.145
0 17 0.014
0 18 0.129
0 19 0.272
0 20 0.028
0 21 -0.013
0 22 0.012
0 23 0.164
0 24 0.353
0 25 -0.193
0 26 -0.023
0 27 -0.143
0 28 -0.161
0 29 -0.208
0 30 -0.208
0 31 -0.439
0 32 -0.522
0 33 -0.565
0 34 -0.634
0 35 -0.341
0 36 -0.560
0 37 -0.601
0 38 0.041
0 39 -0.033
0 40 0.058
0 41 0.169
0 42 0.531
0 43 -0.356
0 44 -0.437
0 45 -0.533
0 46 -0.562
0 47 -0.363
0 48 -0.250
0 49 -0.426
0 50 -0.549
0 51 -0.548
0 52 -0.155
0 53 -0.174
0 54 0.062
0 55 -0.029
0 56 0.209
0 57 -0.260
0 58 0.093
0 59 -0.317
0 60 -0.403
0 61 -0.019
0 62 -0.219
0 63 -0.096
0 64 -0.162
0 65 -0.096
0 66 -0.496
0 67 -0.403
0 68 -0.556
0 69 -0.537
0 70 -0.337
0 71 -0.141
0 72 -0.383
0 73 -0.475
0 74 -0.379
0 75 -0.351
0 76 -0.547
0 77 -0.603
0 78 -0.150
0 79 0.000
0 80 0.000
0 81 0.000
0 82 0.000
0 83 0.000
1 1 0.868
1 2 0.603
1 3 0.477
1 4 0.649
1 5 0.558
1 6 0.386
1 7 0.248
1 8 0.278
1 9 0.219
1 10 0.165
1 11 0.046
1 12 -0.031
1 13 0.099
1 14 0.036
1 15 -0.262
1 16 0.347
1 17 0.105
1 18 0.277
1 19 0.311
1 20 0.277
1 21 0.028
1 22 0.074
1 23 0.200
1 24 0.180
1 25 0.017
1 26 0.543
1 27 0.459
1 28 0.316
1 29 0.316
1 30 0.636
1 31 0.038
1 32 -0.175
1 33 -0.208
1 34 -0.325
1 35 0.130
1 36 0.000
1 37 -0.230
1 38 0.420
1 39 0.477
1 40 0.508
1 41 0.508
1 42 0.680
1 43 0.477
1 44 0.112
1 45 -0.072
1 46 -0.257
1 47 -0.100
1 48 -0.154
1 49 -0.290
1 50 -0.388
1 51 -0.360
1 52 0.353
1 53 0.064
1 54 0.283
1 55 -0.088
1 56 0.045
1 57 0.110
1 58 0.250
1 59 -0.018
1 60 -0.055
1 61 0.012
1 62 0.089
1 63 -0.166
1 64 0.179
1 65 -0.055
1 66 -0.325
1 67 -0.254
1 68 -0.495
1 69 -0.495
1 70 -0.029
1 71 -0.029
1 72 -0.212
1 73 -0.338
1 74 -0.212
1 75 -0.029
1 76 0.044
1 77 -0.158
1 78 0.173
1 79 0.000
1 80 0.000
1 81 0.000
1 82 0.000
1 83 0.000
2 2 0.558
2 3 0.305
2 4 0.603
2 5 0.558
2 6 0.496
2 7 0.165
2 8 0.219
2 9 0.278
2 10 0.278
2 11 0.099
2 12 0.063
2 13 0.030
2 14 -0.138
2 15 -0.192
2 16 0.131
2 17 0.105
2 18 0.157
2 19 0.081
2 20 0.105
2 21 -0.066
2 22 -0.123
2 23 0.074
2 24 -0.054
2 25 0.100
2 26 0.316
2 27 0.459
2 28 0.147
2 29 0.100
2 30 0.255
2 31 0.095
2 32 -0.088
2 33 -0.248
2 34 -0.317
2 35 0.104
2 36 -0.049
2 37 -0.271
2 38 0.420
2 39 0.367
2 40 0.448
2 41 0.448
2 42 0.508
2 43 0.477
2 44 0.170
2 45 -0.032
2 46 -0.175
2 47 -0.039
2 48 -0.039
2 49 -0.277
2 50 -0.441
2 51 -0.388
2 52 0.164
2 53 0.042
2 54 0.220
2 55 -0.026
2 56 -0.025
2 57 0.016
2 58 0.153
2 59 -0.018
2 60 -0.114
2 61 -0.114
2 62 0.012
2 63 -0.434
2 64 -0.114
2 65 -0.384
2 66 -0.455
2 67 -0.476
2 68 -0.609
2 69 -0.572
2 70 0.053
2 71 -0.003
2 72 -0.259
2 73 -0.372
2 74 -0.229
2 75 -0.140
2 76 0.152
2 77 -0.193
2 78 0.056
2 79 0.000
2 80 0.000
2 81 0.000
2 82 0.000
2 83 0.000
3 3 0.403
3 4 0.276
3 5 0.247
3 6 0.276
3 7 0.219
3 8 0.310
3 9 0.343
3 10 0.248
3 11 -0.045
3 12 -0.145
3 13 -0.156
3 14 -0.108
3 15 -0.217
3 16 0.081
3 17 -0.045
3 18 -0.130
3 19 -0.160
3 20 -0.063
3 21 0.013
3 22 -0.134
3 23 -0.260
3 24 -0.202
3 25 -0.020
3 26 0.147
3 27 0.100
3 28 0.100
3 29 -0.055
3 30 0.147
3 31 -0.029
3 32 -0.044
3 33 -0.301
3 34 -0.309
3 35 0.216
3 36 0.033
3 37 -0.257
3 38 0.295
3 39 0.477
3 40 0.508
3 41 0.367
3 42 0.539
3 43 0.306
3 44 0.170
3 45 -0.232
3 46 -0.257
3 47 0.007
3 48 0.143
3 49 -0.163
3 50 -0.355
3 51 -0.340
3 52 0.087
3 53 0.021
3 54 0.164
3 55 -0.052
3 56 0.110
3 57 0.052
3 58 0.052
3 59 -0.106
3 60 -0.114
3 61 -0.166
3 62 -0.325
3 63 -0.325
3 64 -0.356
3 65 -0.384
3 66 -0.384
3 67 -0.455
3 68 -0.476
3 69 -0.529
3 70 -0.029
3 71 0.083
3 72 -0.212
3 73 -0.421
3 74 -0.372
3 75 -0.326
3 76 0.205
3 77 -0.105
3 78 0.083
3 79 0.000
3 80 0.000
3 81 0.000
3 82 0.000
3 83 0.000
4 4 0.477
4 5 0.369
4 6 0.290
4 7 0.494
4 8 0.583
4 9 0.453
4 10 0.632
4 11 0.245
4 12 -0.167
4 13 -0.188
4 14 0.235
4 15 -0.004
4 16 0.467
4 17 0.347
4 18 0.185
4 19 0.081
4 20 0.157
4 21 0.161
4 22 -0.028
4 23 -0.244
4 24 -0.174
4 25 0.459
4 26 0.636
4 27 0.459
4 28 0.384
4 29 0.199
4 30 0.316
4 31 0.281
4 32 0.281
4 33 -0.059
4 34 -0.152
4 35 0.656
4 36 0.373
4 37 -0.015
4 38 0.539
4 39 0.393
4 40 0.448
4 41 0.508
4 42 0.607
4 43 0.699
4 44 0.386
4 45 0.306
4 46 -0.032
4 47 0.143
4 48 0.455
4 49 0.113
4 50 -0.137
4 51 -0.119
4 52 0.251
4 53 0.191
4 54 0.353
4 55 0.288
4 56 0.336
4 57 0.395
4 58 0.333
4 59 0.176
4 60 -0.055
4 61 0.089
4 62 -0.212
4 63 0.179
4 64 -0.166
4 65 -0.212
4 66 0.089
4 67 -0.291
4 68 -0.166
4 69 -0.212
4 70 0.115
4 71 0.053
4 72 -0.029
4 73 -0.195
4 74 -0.053
4 75 -0.029
4 76 0.350
4 77 0.058
4 78 0.241
4 79 0.000
4 80 0.000
4 81 0.000
4 82 0.000
4 83 0.000
5 5 0.276
5 6 0.247
5 7 0.343
5 8 0.537
5 9 0.414
5 10 0.453
5 11 0.030
5 12 -0.278
5 13 -0.393
5 14 0.298
5 15 0.127
5 16 0.424
5 17 0.512
5 18 0.385
5 19 -0.007
5 20 0.245
5 21 0.310
5 22 0.125
5 23 -0.348
5 24 -0.408
5 25 0.255
5 26 0.459
5 27 0.255
5 28 0.316
5 29 0.017
5 30 0.459
5 31 0.468
5 32 0.204
5 33 0.004
5 34 -0.175
5 35 0.601
5 36 0.316
5 37 -0.054
5 38 0.477
5 39 0.367
5 40 0.295
5 41 0.393
5 42 0.607
5 43 0.477
5 44 0.386
5 45 0.234
5 46 0.060
5 47 0.143
5 48 0.280
5 49 0.191
5 50 -0.070
5 51 0.031
5 52 0.283
5 53 0.164
5 54 0.251
5 55 0.288
5 56 0.312
5 57 0.333
5 58 0.176
5 59 0.304
5 60 -0.114
5 61 -0.055
5 62 0.012
5 63 0.089
5 64 -0.166
5 65 0.012
5 66 -0.114
5 67 -0.212
5 68 0.089
5 69 -0.114
5 70 0.053
5 71 0.024
5 72 -0.088
5 73 -0.212
5 74 0.185
5 75 0.083
5 76 0.423
5 77 0.017
5 78 0.111
5 79 0.000
5 80 0.000
5 81 0.000
5 82 0.000
5 83 0.000
6 6 0.261
6 7 0.278
6 8 0.326
6 9 0.326
6 10 0.378
6 11 -0.244
6 12 -0.390
6 13 -0.323
6 14 0.179
6 15 -0.059
6 16 0.229
6 17 0.171
6 18 0.105
6 19 0.004
6 20 0.199
6 21 0.066
6 22 -0.179
6 23 -0.434
6 24 -0.362
6 25 0.147
6 26 0.255
6 27 0.173
6 28 0.255
6 29 -0.117
6 30 0.147
6 31 0.242
6 32 0.169
6 33 0.038
6 34 -0.146
6 35 0.403
6 36 0.209
6 37 -0.025
6 38 0.367
6 39 0.355
6 40 0.330
6 41 0.367
6 42 0.643
6 43 0.386
6 44 0.306
6 45 0.306
6 46 0.035
6 47 0.019
6 48 0.320
6 49 0.091
6 50 -0.095
6 51 -0.070
6 52 0.164
6 53 0.087
6 54 0.206
6 55 0.182
6 56 0.336
6 57 0.061
6 58 0.250
6 59 0.188
6 60 -0.086
6 61 0.049
6 62 -0.055
6 63 0.089
6 64 -0.023
6 65 0.049
6 66 -0.023
6 67 -0.141
6 68 -0.114
6 69 -0.234
6 70 0.038
6 71 0.068
6 72 -0.010
6 73 -0.150
6 74 0.083
6 75 0.010
6 76 0.205
6 77 0.024
6 78 -0.035
6 79 0.000
6 80 0.000
6 81 0.000
6 82 0.000
6 83 0.000
7 7 0.090
7 8 0.231
7 9 0.209
7 10 0.166
7 11 0.000
7 12 -0.055
7 13 0.089
7 14 -0.170
7 15 -0.059
7 16 0.210
7 17 0.210
7 18 0.238
7 19 0.049
7 20 0.090
7 21 0.213
7 22 0.041
7 23 0.174
7 24 0.321
7 25 0.329
7 26 0.552
7 27 0.329
7 28 0.329
7 29 -0.007
7 30 0.114
7 31 0.201
7 32 0.157
7 33 0.116
7 34 -0.038
7 35 0.365
7 36 0.057
7 37 -0.007
7 38 0.228
7 39 0.288
7 40 0.209
7 41 0.247
7 42 0.331
7 43 -0.027
7 44 -0.027
7 45 -0.239
7 46 -0.359
7 47 0.213
7 48 0.317
7 49 0.047
7 50 -0.123
7 51 -0.060
7 52 0.121
7 53 -0.030
7 54 0.030
7 55 -0.058
7 56 0.120
7 57 0.106
7 58 0.060
7 59 0.090
7 60 0.012
7 61 -0.041
7 62 -0.171
7 63 -0.171
7 64 -0.270
7 65 -0.240
7 66 -0.298
7 67 -0.371
7 68 -0.371
7 69 -0.480
7 70 0.086
7 71 0.431
7 72 -0.020
7 73 -0.117
7 74 -0.009
7 75 -0.051
7 76 0.251
7 77 0.067
7 78 0.076
7 79 0.000
7 80 0.000
7 81 0.000
7 82 0.000
7 83 0.000
8 8 0.474
8 9 0.231
8 10 0.187
8 11 0.154
8 12 0.261
8 13 0.144
8 14 0.226
8 15 0.481
8 16 0.238
8 17 0.360
8 18 0.509
8 19 0.184
8 20 0.159
8 21 0.423
8 22 0.321
8 23 0.370
8 24 0.396
8 25 0.268
8 26 0.866
8 27 0.114
8 28 0.161
8 29 -0.184
8 30 0.071
8 31 0.557
8 32 0.224
8 33 0.201
8 34 0.096
8 35 0.511
8 36 0.534
8 37 0.170
8 38 0.331
8 39 0.309
8 40 0.228
8 41 0.124
8 42 0.228
8 43 0.424
8 44 0.424
8 45 0.346
8 46 -0.027
8 47 0.317
8 48 0.706
8 49 0.396
8 50 0.167
8 51 0.047
8 52 0.073
8 53 0.073
8 54 0.146
8 55 0.049
8 56 0.313
8 57 0.174
8 58 0.018
8 59 0.106
8 60 0.138
8 61 0.645
8 62 -0.041
8 63 0.396
8 64 -0.041
8 65 0.213
8 66 0.138
8 67 -0.132
8 68 -0.132
8 69 -0.088
8 70 0.113
8 71 0.528
8 72 0.187
8 73 -0.061
8 74 0.235
8 75 -0.009
8 76 0.554
8 77 0.233
8 78 0.157
8 79 0.000
8 80 0.000
8 81 0.000
8 82 0.000
8 83 0.000
9 9 0.355
9 10 0.166
9 11 0.238
9 12 0.389
9 13 0.513
9 14 -0.059
9 15 0.085
9 16 0.360
9 17 0.327
9 18 0.327
9 19 0.394
9 20 0.159
9 21 0.451
9 22 0.370
9 23 0.423
9 24 0.526
9 25 0.396
9 26 0.552
9 27 0.329
9 28 0.114
9 29 -0.184
9 30 0.114
9 31 0.386
9 32 0.450
9 33 0.328
9 34 0.157
9 35 0.445
9 36 0.584
9 37 0.293
9 38 0.209
9 39 0.174
9 40 0.228
9 41 0.063
9 42 0.209
9 43 0.346
9 44 0.276
9 45 0.276
9 46 0.013
9 47 0.355
9 48 0.841
9 49 0.463
9 50 0.336
9 51 0.396
9 52 -0.115
9 53 0.030
9 54 0.121
9 55 0.036
9 56 0.378
9 57 0.031
9 58 0.156
9 59 0.139
9 60 0.071
9 61 0.510
9 62 -0.088
9 63 0.805
9 64 0.213
9 65 0.298
9 66 0.071
9 67 0.012
9 68 0.071
9 69 -0.041
9 70 0.061
9 71 0.639
9 72 0.288
9 73 0.219
9 74 0.307
9 75 0.171
9 76 0.353
9 77 0.206
9 78 0.143
9 79 0.000
9 80 0.000
9 81 0.000
9 82 0.000
9 83 0.000
10 10 0.302
10 11 -0.129
10 12 -0.117
10 13 0.080
10 14 0.226
10 15 0.408
10 16 0.184
10 17 0.238
10 18 0.184
10 19 0.184
10 20 0.184
10 21 0.276
10 22 0.174
10 23 0.233
10 24 0.396
10 25 0.329
10 26 0.329
10 27 0.114
10 28 0.329
10 29 0.114
10 30 0.329
10 31 0.356
10 32 0.179
10 33 0.201
10 34 -0.008
10 35 0.584
10 36 0.346
10 37 0.143
10 38 0.267
10 39 0.209
10 40 0.191
10 41 0.209
10 42 0.354
10 43 0.610
10 44 0.722
10 45 0.213
10 46 0.213
10 47 0.280
10 48 0.486
10 49 0.376
10 50 0.072
10 51 0.047
10 52 -0.030
10 53 0.009
10 54 -0.030
10 55 0.036
10 56 0.200
10 57 0.046
10 58 0.106
10 59 0.018
10 60 0.298
10 61 0.298
10 62 -0.171
10 63 0.298
10 64 -0.132
10 65 0.138
10 66 0.071
10 67 0.138
10 68 -0.041
10 69 -0.132
10 70 0.113
10 71 0.528
10 72 0.156
10 73 -0.009
10 74 0.061
10 75 0.113
10 76 0.526
10 77 0.233
10 78 0.129
10 79 0.000
10 80 0.000
10 81 0.000
10 82 0.000
10 83 0.000
11 11 0.380
11 12 0.532
11 13 0.594
11 14 0.125
11 15 -0.027
11 16 0.506
11 17 0.340
11 18 0.370
11 19 0.311
11 20 0.206
11 21 0.475
11 22 0.375
11 23 0.617
11 24 0.497
11 25 0.237
11 26 0.497
11 27 0.330
11 28 0.023
11 29 -0.128
11 30 -0.032
11 31 0.173
11 32 -0.023
11 33 0.026
11 34 -0.108
11 35 0.259
11 36 0.141
11 37 0.026
11 38 0.009
11 39 0.029
11 40 -0.036
11 41 -0.123
11 42 0.039
11 43 0.370
11 44 0.257
11 45 0.161
11 46 -0.057
11 47 0.361
11 48 0.498
11 49 0.221
11 50 0.013
11 51 0.031
11 52 0.167
11 53 0.052
11 54 0.365
11 55 0.056
11 56 0.158
11 57 -0.048
11 58 0.226
11 59 0.144
11 60 0.264
11 61 0.676
11 62 0.126
11 63 0.824
11 64 0.067
11 65 0.676
11 66 0.126
11 67 0.191
11 68 -0.077
11 69 -0.077
11 70 0.492
11 71 0.797
11 72 0.151
11 73 -0.182
11 74 -0.097
11 75 -0.329
11 76 0.190
11 77 0.028
11 78 0.030
11 79 0.000
11 80 0.000
11 81 0.000
11 82 0.000
11 83 0.000
12 12 0.782
12 13 0.690
12 14 0.334
12 15 0.334
12 16 0.506
12 17 0.401
12 18 0.544
12 19 0.671
12 20 0.231
12 21 0.670
12 22 0.497
12 23 0.617
12 24 0.684
12 25 0.120
12 26 0.563
12 27 0.157
12 28 0.157
12 29 -0.206
12 30 -0.083
12 31 0.642
12 32 0.579
12 33 0.325
12 34 0.244
12 35 0.420
12 36 0.546
12 37 0.306
12 38 0.271
12 39 0.302
12 40 0.069
12 41 -0.241
12 42 -0.137
12 43 0.435
12 44 0.370
12 45 0.257
12 46 0.370
12 47 0.537
12 48 0.875
12 49 0.517
12 50 0.410
12 51 0.498
12 52 0.337
12 53 0.283
12 54 0.564
12 55 -0.111
12 56 0.056
12 57 0.008
12 58 0.159
12 59 0.192
12 60 0.191
12 61 0.824
12 62 0.264
12 63 0.824
12 64 0.550
12 65 1.000
12 66 0.441
12 67 0.550
12 68 0.264
12 69 0.126
12 70 0.492
12 71 0.797
12 72 0.492
12 73 -0.105
12 74 0.047
12 75 -0.362
12 76 0.536
12 77 0.395
12 78 -0.031
12 79 0.000
12 80 0.000
12 81 0.000
12 82 0.000
12 83 0.000
13 13 0.647
13 14 0.386
13 15 0.566
13 16 0.584
13 17 0.385
13 18 0.506
13 19 0.718
13 20 0.370
13 21 0.656
13 22 0.617
13 23 0.579
13 24 0.549
13 25 0.120
13 26 0.381
13 27 0.259
13 28 0.086
13 29 -0.188
13 30 0.070
13 31 0.728
13 32 0.658
13 33 0.392
13 34 0.369
13 35 0.480
13 36 0.639
13 37 0.494
13 38 0.360
13 39 0.334
13 40 -0.005
13 41 -0.133
13 42 -0.053
13 43 0.402
13 44 0.544
13 45 0.506
13 46 0.402
13 47 0.498
13 48 0.846
13 49 0.689
13 50 0.537
13 51 0.599
13 52 0.365
13 53 0.337
13 54 0.509
13 55 0.092
13 56 0.232
13 57 0.121
13 58 0.363
13 59 0.262
13 60 0.441
13 61 0.746
13 62 0.347
13 63 0.908
13 64 0.676
13 65 0.746
13 66 0.610
13 67 0.393
13 68 0.393
13 69 0.393
13 70 0.514
13 71 0.767
13 72 0.582
13 73 0.047
13 74 -0.012
13 75 -0.155
13 76 0.657
13 77 0.536
13 78 0.074
13 79 0.000
13 80 0.000
13 81 0.000
13 82 0.000
13 83 0.000
14 14 -0.934
14 15 -0.788
14 16 0.102
14 17 -0.120
14 18 0.160
14 19 0.469
14 20 -0.083
14 21 0.308
14 22 0.361
14 23 0.417
14 24 0.620
14 25 -0.458
14 26 -0.223
14 27 -0.433
14 28 -0.501
14 29 -0.480
14 30 -0.480
14 31 -0.341
14 32 -0.521
14 33 -0.466
14 34 -0.674
14 35 -0.337
14 36 -0.448
14 37 -0.572
14 38 0.224
14 39 0.355
14 40 0.224
14 41 0.149
14 42 0.406
14 43 -0.522
14 44 -0.567
14 45 -0.604
14 46 -0.686
14 47 -0.654
14 48 -0.448
14 49 -0.554
14 50 -0.660
14 51 -0.601
14 52 -0.129
14 53 -0.369
14 54 -0.338
14 55 -0.204
14 56 -0.049
14 57 -0.224
14 58 -0.115
14 59 -0.243
14 60 -0.434
14 61 -0.325
14 62 -0.434
14 63 -0.384
14 64 -0.544
14 65 -0.476
14 66 -0.544
14 67 -0.597
14 68 -0.689
14 69 -0.726
14 70 -0.571
14 71 -0.336
14 72 -0.385
14 73 -0.385
14 74 -0.209
14 75 -0.177
14 76 -0.296
14 77 -0.457
14 78 -0.308
14 79 0.000
14 80 0.000
14 81 0.000
14 82 0.000
14 83 0.000
15 15 -0.777
15 16 0.102
15 17 0.049
15 18 0.224
15 19 0.377
15 20 0.049
15 21 0.215
15 22 0.308
15 23 0.701
15 24 0.546
15 25 -0.458
15 26 -0.480
15 27 -0.645
15 28 -0.458
15 29 -0.705
15 30 -0.501
15 31 -0.385
15 32 -0.586
15 33 -0.566
15 34 -0.706
15 35 -0.511
15 36 -0.522
15 37 -0.625
15 38 -0.054
15 39 -0.003
15 40 0.083
15 41 0.224
15 42 0.519
15 43 -0.310
15 44 -0.522
15 45 -0.621
15 46 -0.675
15 47 -0.660
15 48 -0.414
15 49 -0.629
15 50 -0.647
15 51 -0.593
15 52 -0.322
15 53 -0.446
15 54 -0.497
15 55 -0.277
15 56 0.052
15 57 -0.243
15 58 0.101
15 59 -0.352
15 60 -0.434
15 61 -0.325
15 62 -0.513
15 63 -0.434
15 64 -0.384
15 65 -0.434
15 66 -0.513
15 67 -0.573
15 68 -0.513
15 69 -0.573
15 70 -0.571
15 71 -0.107
15 72 -0.376
15 73 -0.403
15 74 -0.238
15 75 -0.023
15 76 -0.474
15 77 -0.609
15 78 -0.340
15 79 0.000
15 80 0.000
15 81 0.000
15 82 0.000
15 83 0.000
16 16 0.445
16 17 0.301
16 18 0.530
16 19 0.487
16 20 0.269
16 21 0.298
16 22 0.208
16 23 0.323
16 24 0.402
16 25 0.281
16 26 0.613
16 27 0.428
16 28 0.281
16 29 0.218
16 30 0.281
16 31 0.296
16 32 -0.060
16 33 -0.009
16 34 -0.282
16 35 0.317
16 36 -0.049
16 37 -0.248
16 38 0.177
16 39 0.356
16 40 0.356
16 41 0.382
16 42 0.530
16 43 0.372
16 44 0.372
16 45 -0.048
16 46 -0.247
16 47 0.078
16 48 0.427
16 49 -0.084
16 50 -0.264
16 51 -0.153
16 52 -0.013
16 53 0.110
16 54 0.428
16 55 0.002
16 56 0.237
16 57 0.066
16 58 0.208
16 59 -0.016
16 60 -0.047
16 61 0.097
16 62 -0.348
16 63 -0.047
16 64 -0.284
16 65 -0.158
16 66 -0.158
16 67 -0.377
16 68 -0.106
16 69 -0.284
16 70 0.120
16 71 0.281
16 72 -0.198
16 73 -0.322
16 74 -0.207
16 75 -0.224
16 76 -0.015
16 77 -0.198
16 78 -0.057
16 79 0.000
16 80 0.000
16 81 0.000
16 82 0.000
16 83 0.000
17 17 0.445
17 18 0.487
17 19 0.445
17 20 0.239
17 21 0.208
17 22 0.130
17 23 0.230
17 24 0.274
17 25 0.218
17 26 0.613
17 27 0.428
17 28 0.428
17 29 0.018
17 30 0.218
17 31 0.327
17 32 0.010
17 33 0.069
17 34 -0.253
17 35 0.317
17 36 0.117
17 37 -0.230
17 38 0.104
17 39 0.158
17 40 0.260
17 41 0.283
17 42 0.468
17 43 0.291
17 44 0.096
17 45 -0.048
17 46 -0.378
17 47 0.248
17 48 0.480
17 49 -0.016
17 50 -0.205
17 51 -0.171
17 52 -0.146
17 53 -0.111
17 54 0.110
17 55 -0.085
17 56 0.075
17 57 0.032
17 58 0.066
17 59 -0.001
17 60 0.020
17 61 -0.047
17 62 -0.403
17 63 -0.047
17 64 -0.318
17 65 -0.246
17 66 -0.284
17 67 -0.449
17 68 -0.348
17 69 -0.377
17 70 0.237
17 71 0.237
17 72 -0.139
17 73 -0.328
17 74 -0.241
17 75 -0.224
17 76 -0.001
17 77 -0.179
17 78 -0.057
17 79 0.000
17 80 0.000
17 81 0.000
17 82 0.000
17 83 0.000
18 18 0.445
18 19 0.334
18 20 0.156
18 21 0.430
18 22 0.374
18 23 0.751
18 24 0.416
18 25 0.852
18 26 0.852
18 27 0.613
18 28 0.515
18 29 0.018
18 30 0.351
18 31 0.551
18 32 0.327
18 33 0.184
18 34 -0.091
18 35 0.456
18 36 0.373
18 37 -0.045
18 38 0.217
18 39 0.217
18 40 0.331
18 41 0.283
18 42 0.438
18 43 0.464
18 44 0.291
18 45 0.291
18 46 -0.159
18 47 0.331
18 48 0.599
18 49 0.377
18 50 0.124
18 51 0.331
18 52 0.138
18 53 0.009
18 54 0.232
18 55 0.044
18 56 0.216
18 57 0.208
18 58 0.231
18 59 0.085
18 60 0.292
18 61 0.418
18 62 -0.284
18 63 0.760
18 64 -0.204
18 65 0.292
18 66 0.418
18 67 -0.318
18 68 0.097
18 69 -0.158
18 70 0.281
18 71 0.799
18 72 0.069
18 73 -0.169
18 74 0.195
18 75 -0.149
18 76 0.220
18 77 0.066
18 78 0.005
18 79 0.000
18 80 0.000
18 81 0.000
18 82 0.000
18 83 0.000
19 19 0.369
19 20 0.182
19 21 0.557
19 22 0.593
19 23 0.751
19 24 0.649
19 25 0.515
19 26 0.852
19 27 0.428
19 28 0.161
19 29 0.161
19 30 0.351
19 31 0.508
19 32 0.237
19 33 0.508
19 34 0.029
19 35 0.393
19 36 0.299
19 37 -0.005
19 38 0.260
19 39 0.239
19 40 0.217
19 41 0.197
19 42 0.260
19 43 0.570
19 44 0.691
19 45 0.570
19 46 -0.005
19 47 0.288
19 48 0.427
19 49 0.427
19 50 0.268
19 51 0.427
19 52 0.138
19 53 0.110
19 54 0.428
19 55 0.124
19 56 0.399
19 57 0.307
19 58 0.562
19 59 0.185
19 60 0.418
19 61 1.000
19 62 -0.158
19 63 0.760
19 64 -0.106
19 65 0.187
19 66 0.760
19 67 -0.106
19 68 0.570
19 69 0.292
19 70 0.281
19 71 0.712
19 72 0.195
19 73 -0.046
19 74 0.120
19 75 0.195
19 76 0.200
19 77 0.099
19 78 0.091
19 79 0.000
19 80 0.000
19 81 0.000
19 82 0.000
19 83 0.000
20 20 0.131
20 21 0.149
20 22 0.015
20 23 0.062
20 24 0.263
20 25 0.428
20 26 0.852
20 27 0.724
20 28 0.724
20 29 0.218
20 30 0.351
20 31 0.327
20 32 0.090
20 33 0.159
20 34 -0.134
20 35 0.393
20 36 0.172
20 37 -0.072
20 38 0.307
20 39 0.158
20 40 0.217
20 41 0.217
20 42 0.239
20 43 0.154
20 44 0.372
20 45 0.291
20 46 0.043
20 47 0.248
20 48 0.427
20 49 0.268
20 50 0.022
20 51 0.078
20 52 0.033
20 53 -0.034
20 54 0.110
20 55 0.159
20 56 0.216
20 57 0.049
20 58 0.334
20 59 0.032
20 60 0.292
20 61 0.570
20 62 -0.106
20 63 0.570
20 64 -0.158
20 65 0.097
20 66 0.097
20 67 -0.318
20 68 -0.106
20 69 -0.318
20 70 0.195
20 71 0.497
20 72 0.102
20 73 -0.216
20 74 -0.083
20 75 -0.149
20 76 0.161
20 77 0.006
20 78 -0.080
20 79 0.000
20 80 0.000
20 81 0.000
20 82 0.000
20 83 0.000
21 21 0.611
21 22 0.634
21 23 0.758
21 24 0.706
21 25 0.157
21 26 0.746
21 27 0.190
21 28 0.125
21 29 -0.034
21 30 0.095
21 31 0.182
21 32 0.056
21 33 0.069
21 34 -0.056
21 35 0.418
21 36 0.124
21 37 -0.058
21 38 -0.074
21 39 -0.115
21 40 -0.081
21 41 -0.060
21 42 0.223
21 43 0.551
21 44 0.140
21 45 0.037
21 46 -0.185
21 47 0.197
21 48 0.533
21 49 0.231
21 50 0.027
21 51 0.011
21 52 0.387
21 53 0.336
21 54 0.568
21 55 0.035
21 56 0.220
21 57 -0.042
21 58 0.288
21 59 -0.071
21 60 0.005
21 61 0.058
21 62 -0.126
21 63 0.005
21 64 -0.086
21 65 -0.126
21 66 -0.126
21 67 -0.196
21 68 -0.373
21 69 -0.392
21 70 0.148
21 71 0.421
21 72 -0.046
21 73 -0.209
21 74 0.101
21 75 -0.001
21 76 -0.065
21 77 -0.171
21 78 0.263
21 79 0.000
21 80 0.000
21 81 0.000
21 82 0.000
21 83 0.000
22 22 0.758
22 23 0.813
22 24 0.771
22 25 0.125
22 26 0.346
22 27 0.014
22 28 0.039
22 29 -0.262
22 30 -0.172
22 31 0.122
22 32 0.069
22 33 -0.014
22 34 -0.085
22 35 0.477
22 36 0.161
22 37 -0.064
22 38 -0.074
22 39 -0.134
22 40 -0.299
22 41 -0.180
22 42 -0.095
22 43 0.367
22 44 0.179
22 45 0.037
22 46 -0.223
22 47 0.134
22 48 0.465
22 49 0.208
22 50 -0.081
22 51 -0.034
22 52 0.223
22 53 0.312
22 54 0.244
22 55 -0.117
22 56 0.102
22 57 -0.099
22 58 0.127
22 59 -0.143
22 60 -0.043
22 61 0.339
22 62 -0.163
22 63 0.256
22 64 0.005
22 65 -0.043
22 66 0.005
22 67 -0.196
22 68 -0.126
22 69 -0.256
22 70 0.227
22 71 0.385
22 72 -0.046
22 73 -0.328
22 74 -0.197
22 75 -0.273
22 76 -0.042
22 77 -0.202
22 78 0.142
22 79 0.000
22 80 0.000
22 81 0.000
22 82 0.000
22 83 0.000
23 23 0.933
23 24 0.856
23 25 0.157
23 26 0.675
23 27 0.304
23 28 -0.011
23 29 -0.288
23 30 -0.098
23 31 0.666
23 32 0.362
23 33 0.167
23 34 0.137
23 35 0.670
23 36 0.650
23 37 0.151
23 38 0.274
23 39 0.010
23 40 -0.303
23 41 -0.345
23 42 -0.299
23 43 0.367
23 44 0.484
23 45 0.314
23 46 0.006
23 47 0.317
23 48 0.833
23 49 0.533
23 50 0.279
23 51 0.317
23 52 0.443
23 53 0.361
23 54 0.503
23 55 -0.034
23 56 0.164
23 57 0.086
23 58 0.218
23 59 -0.010
23 60 0.339
23 61 0.434
23 62 0.058
23 63 0.821
23 64 0.005
23 65 -0.043
23 66 0.543
23 67 -0.043
23 68 0.005
23 69 -0.043
23 70 0.421
23 71 0.742
23 72 0.385
23 73 -0.220
23 74 -0.037
23 75 -0.337
23 76 0.405
23 77 0.053
23 78 0.164
23 79 0.000
23 80 0.000
23 81 0.000
23 82 0.000
23 83 0.000
24 24 0.871
24 25 0.264
24 26 0.466
24 27 0.283
24 28 0.110
24 29 -0.212
24 30 0.026
24 31 0.682
24 32 0.551
24 33 0.373
24 34 0.303
24 35 0.742
24 36 0.689
24 37 0.344
24 38 0.374
24 39 0.132
24 40 -0.199
24 41 -0.272
24 42 -0.186
24 43 0.484
24 44 0.453
24 45 0.587
24 46 0.179
24 47 0.465
24 48 0.859
24 49 0.599
24 50 0.481
24 51 0.433
24 52 0.457
24 53 0.487
24 54 0.620
24 55 0.107
24 56 0.288
24 57 0.127
24 58 0.326
24 59 0.036
24 60 0.385
24 61 0.742
24 62 0.087
24 63 1.000
24 64 0.182
24 65 0.339
24 66 0.671
24 67 0.058
24 68 0.218
24 69 0.058
24 70 0.588
24 71 0.742
24 72 0.460
24 73 -0.037
24 74 -0.063
24 75 -0.159
24 76 0.523
24 77 0.223
24 78 0.311
24 79 0.000
24 80 0.000
24 81 0.000
24 82 0.000
24 83 0.000
25 25 0.190
25 26 0.114
25 27 0.048
25 28 -0.230
25 29 -0.262
25 30 -0.155
25 31 0.021
25 32 -0.123
25 33 -0.071
25 34 -0.170
25 35 -0.003
25 36 -0.262
25 37 -0.321
25 38 0.054
25 39 0.029
25 40 -0.019
25 41 0.171
25 42 0.453
25 43 -0.451
25 44 -0.451
25 45 -0.585
25 46 -0.554
25 47 -0.211
25 48 0.034
25 49 -0.169
25 50 -0.404
25 51 -0.380
25 52 -0.073
25 53 -0.280
25 54 -0.135
25 55 -0.092
25 56 -0.133
25 57 0.010
25 58 0.010
25 59 0.076
25 60 0.311
25 61 -0.027
25 62 -0.138
25 63 -0.299
25 64 -0.359
25 65 -0.410
25 66 -0.491
25 67 -0.524
25 68 -0.453
25 69 -0.552
25 70 -0.120
25 71 0.011
25 72 -0.264
25 73 -0.447
25 74 -0.368
25 75 -0.348
25 76 -0.140
25 77 -0.302
25 78 0.078
25 79 0.000
25 80 0.000
25 81 0.000
25 82 0.000
25 83 0.000
26 26 0.048
26 27 -0.346
26 28 -0.230
26 29 -0.498
26 30 -0.155
26 31 0.594
26 32 0.221
26 33 -0.012
26 34 -0.042
26 35 0.266
26 36 0.153
26 37 -0.216
26 38 0.360
26 39 0.405
26 40 0.240
26 41 0.278
26 42 0.453
26 43 -0.135
26 44 0.100
26 45 -0.518
26 46 -0.536
26 47 -0.050
26 48 0.191
26 49 0.162
26 50 -0.249
26 51 -0.237
26 52 -0.038
26 53 -0.190
26 54 -0.038
26 55 0.003
26 56 0.031
26 57 0.401
26 58 0.241
26 59 0.195
26 60 0.117
26 61 0.311
26 62 -0.227
26 63 -0.027
26 64 -0.359
26 65 -0.299
26 66 -0.138
26 67 -0.524
26 68 -0.410
26 69 -0.453
26 70 0.261
26 71 0.547
26 72 -0.014
26 73 -0.237
26 74 0.064
26 75 -0.222
26 76 0.373
26 77 -0.110
26 78 0.339
26 79 0.000
26 80 0.000
26 81 0.000
26 82 0.000
26 83 0.000
27 27 -0.432
27 28 -0.230
27 29 -0.612
27 30 -0.320
27 31 0.270
27 32 0.270
27 33 -0.012
27 34 -0.123
27 35 0.332
27 36 0.104
27 37 -0.172
27 38 0.504
27 39 0.360
27 40 0.082
27 41 0.240
27 42 0.360
27 43 -0.069
27 44 -0.328
27 45 -0.599
27 46 -0.475
27 47 -0.010
27 48 0.191
27 49 0.081
27 50 -0.211
27 51 -0.261
27 52 -0.260
27 53 -0.336
27 54 -0.190
27 55 -0.022
27 56 0.192
27 57 0.195
27 58 0.401
27 59 -0.050
27 60 0.117
27 61 0.311
27 62 0.117
27 63 0.117
27 64 -0.299
27 65 -0.138
27 66 0.117
27 67 -0.453
27 68 -0.359
27 69 -0.410
27 70 0.261
27 71 0.344
27 72 0.011
27 73 -0.264
27 74 -0.081
27 75 -0.191
27 76 0.073
27 77 -0.100
27 78 0.052
27 79 0.000
27 80 0.000
27 81 0.000
27 82 0.000
27 83 0.000
28 28 -0.230
28 29 -0.467
28 30 -0.450
28 31 0.055
28 32 -0.042
28 33 -0.071
28 34 -0.301
28 35 -0.107
28 36 -0.283
28 37 -0.347
28 38 0.278
28 39 0.171
28 40 0.054
28 41 0.317
28 42 0.619
28 43 0.100
28 44 0.009
28 45 -0.193
28 46 -0.585
28 47 -0.050
28 48 0.191
28 49 -0.069
28 50 -0.305
28 51 -0.325
28 52 -0.190
28 53 -0.280
28 54 -0.163
28 55 -0.172
28 56 -0.022
28 57 0.113
28 58 0.241
28 59 -0.021
28 60 0.311
28 61 -0.027
28 62 -0.227
28 63 -0.227
28 64 -0.359
28 65 -0.453
28 66 -0.359
28 67 -0.601
28 68 -0.359
28 69 -0.524
28 70 0.261
28 71 0.439
28 72 -0.174
28 73 -0.414
28 74 -0.222
28 75 -0.157
28 76 -0.009
28 77 -0.193
28 78 -0.018
28 79 0.000
28 80 0.000
28 81 0.000
28 82 0.000
28 83 0.000
29 29 -0.672
29 30 -0.691
29 31 -0.012
29 32 -0.123
29 33 -0.192
29 34 -0.268
29 35 -0.022
29 36 -0.240
29 37 -0.297
29 38 0.205
29 39 0.240
29 40 0.054
29 41 0.110
29 42 0.317
29 43 -0.363
29 44 -0.497
29 45 -0.625
29 46 -0.647
29 47 -0.154
29 48 0.081
29 49 -0.122
29 50 -0.237
29 51 -0.396
29 52 -0.369
29 53 -0.474
29 54 -0.413
29 55 -0.253
29 56 -0.189
29 57 -0.021
29 58 0.153
29 59 -0.248
29 60 0.117
29 61 0.117
29 62 -0.138
29 63 -0.027
29 64 -0.227
29 65 -0.359
29 66 0.117
29 67 -0.524
29 68 -0.359
29 69 -0.524
29 70 -0.081
29 71 0.011
29 72 -0.251
29 73 -0.423
29 74 -0.326
29 75 -0.278
29 76 -0.140
29 77 -0.158
29 78 -0.211
29 79 0.000
29 80 0.000
29 81 0.000
29 82 0.000
29 83 0.000
30 30 -0.612
30 31 0.221
30 32 0.021
30 33 -0.012
30 34 -0.192
30 35 0.058
30 36 -0.022
30 37 -0.240
30 38 0.453
30 39 0.317
30 40 0.140
30 41 0.360
30 42 0.753
30 43 0.508
30 44 -0.069
30 45 -0.451
30 46 -0.497
30 47 0.134
30 48 0.405
30 49 0.057
30 50 -0.169
30 51 -0.237
30 52 -0.238
30 53 -0.336
30 54 -0.260
30 55 -0.223
30 56 -0.092
30 57 0.241
30 58 0.343
30 59 -0.102
30 60 0.311
30 61 0.311
30 62 -0.138
30 63 -0.027
30 64 -0.138
30 65 -0.299
30 66 -0.027
30 67 -0.359
30 68 -0.138
30 69 -0.410
30 70 0.344
30 71 0.439
30 72 -0.059
30 73 -0.348
30 74 -0.191
30 75 -0.037
30 76 0.243
30 77 -0.045
30 78 -0.039
30 79 0.000
30 80 0.000
30 81 0.000
30 82 0.000
30 83 0.000
31 31 -0.206
31 32 -0.511
31 33 -0.511
31 34 -0.568
31 35 -0.232
31 36 -0.108
31 37 -0.514
31 38 0.252
31 39 0.358
31 40 0.358
31 41 0.578
31 42 0.814
31 43 -0.183
31 44 -0.324
31 45 -0.340
31 46 -0.459
31 47 -0.216
31 48 0.208
31 49 -0.233
31 50 -0.486
31 51 -0.393
31 52 0.099
31 53 0.142
31 54 0.354
31 55 -0.043
31 56 0.486
31 57 0.132
31 58 0.461
31 59 -0.169
31 60 -0.378
31 61 -0.049
31 62 -0.326
31 63 -0.049
31 64 -0.297
31 65 -0.148
31 66 -0.148
31 67 -0.353
31 68 -0.479
31 69 -0.353
31 70 -0.350
31 71 0.185
31 72 -0.267
31 73 -0.378
31 74 -0.069
31 75 0.043
31 76 -0.309
31 77 -0.555
31 78 -0.091
31 79 0.000
31 80 0.000
31 81 0.000
31 82 0.000
31 83 0.000
32 32 -0.631
32 33 -0.660
32 34 -0.729
32 35 -0.432
32 36 -0.483
32 37 -0.681
32 38 0.060
32 39 0.135
32 40 0.303
32 41 0.286
32 42 0.749
32 43 -0.517
32 44 -0.541
32 45 -0.533
32 46 -0.564
32 47 -0.486
32 48 -0.261
32 49 -0.513
32 50 -0.661
32 51 -0.630
32 52 -0.192
32 53 -0.224
32 54 0.040
32 55 -0.164
32 56 0.197
32 57 -0.088
32 58 0.309
32 59 -0.344
32 60 -0.479
32 61 -0.326
32 62 -0.326
32 63 -0.230
32 64 -0.353
32 65 -0.049
32 66 -0.565
32 67 -0.326
32 68 -0.635
32 69 -0.552
32 70 -0.519
32 71 -0.191
32 72 -0.360
32 73 -0.474
32 74 -0.234
32 75 -0.143
32 76 -0.517
32 77 -0.684
32 78 -0.075
32 79 0.000
32 80 0.000
32 81 0.000
32 82 0.000
32 83 0.000
33 33 -0.661
33 34 -0.733
33 35 -0.422
33 36 -0.599
33 37 -0.699
33 38 0.005
33 39 -0.072
33 40 -0.016
33 41 0.191
33 42 0.604
33 43 -0.307
33 44 -0.469
33 45 -0.564
33 46 -0.549
33 47 -0.496
33 48 -0.292
33 49 -0.501
33 50 -0.648
33 51 -0.621
33 52 -0.118
33 53 -0.168
33 54 0.120
33 55 -0.121
33 56 0.231
33 57 -0.016
33 58 0.356
33 59 -0.212
33 60 -0.496
33 61 -0.378
33 62 -0.511
33 63 -0.297
33 64 -0.378
33 65 -0.326
33 66 -0.539
33 67 -0.378
33 68 -0.608
33 69 -0.552
33 70 -0.496
33 71 -0.285
33 72 -0.493
33 73 -0.527
33 74 -0.404
33 75 -0.360
33 76 -0.565
33 77 -0.675
33 78 -0.151
33 79 0.000
33 80 0.000
33 81 0.000
33 82 0.000
33 83 0.000
34 34 -0.805
34 35 -0.593
34 36 -0.717
34 37 -0.777
34 38 -0.146
34 39 -0.090
34 40 0.005
34 41 0.096
34 42 0.505
34 43 -0.564
34 44 -0.625
34 45 -0.649
34 46 -0.667
34 47 -0.651
34 48 -0.594
34 49 -0.688
34 50 -0.770
34 51 -0.770
34 52 -0.368
34 53 -0.401
34 54 -0.282
34 55 -0.180
34 56 0.197
34 57 -0.252
34 58 0.204
34 59 -0.442
34 60 -0.496
34 61 -0.378
34 62 -0.462
34 63 -0.401
34 64 -0.496
34 65 -0.423
34 66 -0.686
34 67 -0.565
34 68 -0.730
34 69 -0.693
34 70 -0.554
34 71 -0.369
34 72 -0.547
34 73 -0.587
34 74 -0.413
34 75 -0.285
34 76 -0.654
34 77 -0.741
34 78 -0.287
34 79 0.000
34 80 0.000
34 81 0.000
34 82 0.000
34 83 0.000
35 35 -0.283
35 36 -0.329
35 37 -0.511
35 38 0.232
35 39 0.428
35 40 0.311
35 41 0.638
35 42 0.824
35 43 -0.034
35 44 -0.098
35 45 -0.376
35 46 -0.480
35 47 -0.376
35 48 0.047
35 49 -0.340
35 50 -0.467
35 51 -0.425
35 52 0.081
35 53 0.056
35 54 0.352
35 55 0.095
35 56 0.244
35 57 0.048
35 58 0.322
35 59 -0.091
35 60 -0.411
35 61 -0.146
35 62 -0.264
35 63 -0.264
35 64 -0.320
35 65 -0.221
35 66 -0.519
35 67 -0.544
35 68 -0.618
35 69 -0.581
35 70 -0.347
35 71 -0.068
35 72 -0.381
35 73 -0.442
35 74 -0.232
35 75 -0.118
35 76 -0.329
35 77 -0.472
35 78 -0.030
35 79 0.000
35 80 0.000
35 81 0.000
35 82 0.000
35 83 0.000
36 36 -0.341
36 37 -0.648
36 38 0.092
36 39 0.060
36 40 0.254
36 41 0.456
36 42 0.824
36 43 -0.136
36 44 -0.275
36 45 -0.300
36 46 -0.592
36 47 -0.437
36 48 -0.051
36 49 -0.453
36 50 -0.609
36 51 -0.516
36 52 -0.064
36 53 -0.143
36 54 0.056
36 55 -0.144
36 56 0.212
36 57 0.108
36 58 0.307
36 59 -0.296
36 60 -0.544
36 61 -0.087
36 62 -0.411
36 63 -0.264
36 64 -0.284
36 65 -0.320
36 66 -0.528
36 67 -0.501
36 68 -0.594
36 69 -0.536
36 70 -0.456
36 71 -0.027
36 72 -0.447
36 73 -0.552
36 74 -0.204
36 75 -0.118
36 76 -0.348
36 77 -0.632
36 78 -0.156
36 79 0.000
36 80 0.000
36 81 0.000
36 82 0.000
36 83 0.000
37 37 -0.716
37 38 -0.052
37 39 -0.068
37 40 -0.023
37 41 0.172
37 42 0.602
37 43 -0.366
37 44 -0.440
37 45 -0.579
37 46 -0.619
37 47 -0.585
37 48 -0.473
37 49 -0.610
37 50 -0.701
37 51 -0.688
37 52 -0.249
37 53 -0.323
37 54 -0.185
37 55 -0.178
37 56 0.070
37 57 -0.164
37 58 0.098
37 59 -0.371
37 60 -0.618
37 61 -0.532
37 62 -0.584
37 63 -0.528
37 64 -0.536
37 65 -0.496
37 66 -0.634
37 67 -0.600
37 68 -0.680
37 69 -0.646
37 70 -0.602
37 71 -0.506
37 72 -0.598
37 73 -0.625
37 74 -0.469
37 75 -0.340
37 76 -0.602
37 77 -0.696
37 78 -0.249
37 79 0.000
37 80 0.000
37 81 0.000
37 82 0.000
37 83 0.000
38 38 0.557
38 39 0.361
38 40 0.507
38 41 0.668
38 42 0.819
38 43 0.390
38 44 0.338
38 45 0.004
38 46 -0.179
38 47 0.092
38 48 0.372
38 49 0.035
38 50 -0.170
38 51 -0.170
38 52 0.172
38 53 0.085
38 54 0.449
38 55 0.111
38 56 0.349
38 57 0.090
38 58 0.382
38 59 -0.109
38 60 -0.155
38 61 0.100
38 62 0.047
38 63 -0.121
38 64 0.047
38 65 -0.244
38 66 -0.269
38 67 -0.315
38 68 -0.392
38 69 -0.336
38 70 -0.114
38 71 0.035
38 72 -0.247
38 73 -0.368
38 74 -0.247
38 75 -0.277
38 76 0.133
38 77 -0.139
38 78 0.094
38 79 0.000
38 80 0.000
38 81 0.000
38 82 0.000
38 83 0.000
39 39 0.322
39 40 0.475
39 41 0.629
39 42 0.730
39 43 0.166
39 44 0.064
39 45 -0.159
39 46 -0.159
39 47 0.127
39 48 0.165
39 49 -0.017
39 50 -0.194
39 51 -0.170
39 52 0.153
39 53 0.085
39 54 0.319
39 55 0.172
39 56 0.402
39 57 0.140
39 58 0.363
39 59 -0.093
39 60 0.047
39 61 0.100
39 62 -0.001
39 63 -0.216
39 64 -0.044
39 65 -0.315
39 66 -0.315
39 67 -0.425
39 68 -0.392
39 69 -0.425
39 70 0.035
39 71 0.118
39 72 -0.257
39 73 -0.403
39 74 -0.267
39 75 -0.237
39 76 0.176
39 77 -0.104
39 78 0.048
39 79 0.000
39 80 0.000
39 81 0.000
39 82 0.000
39 83 0.000
40 40 0.523
40 41 0.575
40 42 0.796
40 43 0.445
40 44 0.166
40 45 -0.159
40 46 -0.179
40 47 0.205
40 48 0.249
40 49 0.035
40 50 -0.190
40 51 -0.170
40 52 0.191
40 53 0.191
40 54 0.368
40 55 0.269
40 56 0.300
40 57 0.127
40 58 0.326
40 59 -0.084
40 60 0.100
40 61 0.047
40 62 -0.121
40 63 -0.187
40 64 -0.216
40 65 -0.315
40 66 -0.315
40 67 -0.409
40 68 -0.356
40 69 -0.409
40 70 0.075
40 71 0.075
40 72 -0.220
40 73 -0.375
40 74 -0.286
40 75 -0.330
40 76 0.422
40 77 0.015
40 78 0.124
40 79 0.000
40 80 0.000
40 81 0.000
40 82 0.000
40 83 0.000
41 41 0.592
41 42 0.688
41 43 0.505
41 44 0.033
41 45 -0.023
41 46 -0.023
41 47 0.372
41 48 0.399
41 49 0.175
41 50 -0.010
41 51 -0.017
41 52 0.343
41 53 0.319
41 54 0.449
41 55 0.332
41 56 0.500
41 57 0.114
41 58 0.274
41 59 -0.067
41 60 0.295
41 61 0.158
41 62 -0.001
41 63 0.047
41 64 -0.187
41 65 -0.121
41 66 0.100
41 67 -0.336
41 68 -0.044
41 69 -0.216
41 70 0.035
41 71 0.165
41 72 0.035
41 73 -0.247
41 74 -0.155
41 75 -0.204
41 76 0.608
41 77 0.188
41 78 0.040
41 79 0.000
41 80 0.000
41 81 0.000
41 82 0.000
41 83 0.000
42 42 0.892
42 43 0.802
42 44 0.445
42 45 0.390
42 46 0.247
42 47 0.707
42 48 0.750
42 49 0.521
42 50 0.307
42 51 0.372
42 52 0.607
42 53 0.394
42 54 0.681
42 55 0.439
42 56 0.661
42 57 0.486
42 58 0.533
42 59 0.258
42 60 0.572
42 61 0.572
42 62 0.467
42 63 0.572
42 64 0.295
42 65 0.376
42 66 0.693
42 67 0.158
42 68 0.295
42 69 0.100
42 70 0.806
42 71 0.750
42 72 0.493
42 73 0.153
42 74 0.271
42 75 0.118
42 76 0.770
42 77 0.557
42 78 0.134
42 79 0.000
42 80 0.000
42 81 0.000
42 82 0.000
42 83 0.000
43 43 -0.473
43 44 -0.447
43 45 -0.556
43 46 -0.617
43 47 -0.098
43 48 0.105
43 49 -0.330
43 50 -0.549
43 51 -0.496
43 52 0.090
43 53 0.460
43 54 0.213
43 55 0.126
43 56 0.442
43 57 0.257
43 58 0.544
43 59 -0.018
43 60 -0.626
43 61 -0.498
43 62 -0.571
43 63 -0.245
43 64 -0.538
43 65 -0.452
43 66 -0.329
43 67 -0.498
43 68 -0.498
43 69 -0.538
43 70 -0.323
43 71 -0.188
43 72 -0.323
43 73 -0.477
43 74 -0.262
43 75 -0.227
43 76 -0.336
43 77 -0.462
43 78 -0.012
43 79 0.000
43 80 0.000
43 81 0.000
43 82 0.000
43 83 0.000
44 44 -0.589
44 45 -0.589
44 46 -0.642
44 47 -0.342
44 48 -0.007
44 49 -0.437
44 50 -0.554
44 51 -0.592
44 52 -0.131
44 53 -0.010
44 54 -0.054
44 55 0.126
44 56 0.512
44 57 0.318
44 58 0.544
44 59 0.149
44 60 -0.702
44 61 -0.397
44 62 -0.452
44 63 -0.452
44 64 -0.329
44 65 -0.452
44 66 -0.538
44 67 -0.498
44 68 -0.498
44 69 -0.668
44 70 -0.477
44 71 -0.323
44 72 -0.420
44 73 -0.516
44 74 -0.376
44 75 -0.145
44 76 -0.371
44 77 -0.504
44 78 -0.155
44 79 0.000
44 80 0.000
44 81 0.000
44 82 0.000
44 83 0.000
45 45 -0.352
45 46 -0.630
45 47 -0.565
45 48 -0.294
45 49 -0.475
45 50 -0.642
45 51 -0.601
45 52 -0.054
45 53 -0.165
45 54 -0.131
45 55 -0.130
45 56 0.676
45 57 0.318
45 58 0.461
45 59 0.019
45 60 -0.626
45 61 -0.329
45 62 -0.397
45 63 -0.397
45 64 -0.329
45 65 -0.329
45 66 -0.600
45 67 -0.648
45 68 -0.571
45 69 -0.648
45 70 -0.524
45 71 -0.350
45 72 -0.468
45 73 -0.459
45 74 -0.227
45 75 -0.046
45 76 -0.413
45 77 -0.578
45 78 -0.263
45 79 0.000
45 80 0.000
45 81 0.000
45 82 0.000
45 83 0.000
46 46 -0.700
46 47 -0.453
46 48 -0.496
46 49 -0.609
46 50 -0.720
46 51 -0.735
46 52 -0.253
46 53 -0.165
46 54 -0.196
46 55 -0.176
46 56 0.169
46 57 0.059
46 58 0.544
46 59 -0.144
46 60 -0.600
46 61 -0.571
46 62 -0.538
46 63 -0.538
46 64 -0.498
46 65 -0.571
46 66 -0.702
46 67 -0.742
46 68 -0.742
46 69 -0.753
46 70 -0.550
46 71 -0.550
46 72 -0.611
46 73 -0.661
46 74 -0.574
46 75 -0.524
46 76 -0.497
46 77 -0.563
46 78 -0.450
46 79 0.000
46 80 0.000
46 81 0.000
46 82 0.000
46 83 0.000
47 47 -0.500
47 48 -0.343
47 49 -0.532
47 50 -0.661
47 51 -0.659
47 52 -0.048
47 53 0.104
47 54 0.234
47 55 0.018
47 56 0.310
47 57 0.117
47 58 0.332
47 59 -0.070
47 60 -0.360
47 61 -0.240
47 62 -0.325
47 63 -0.392
47 64 -0.568
47 65 -0.515
47 66 -0.472
47 67 -0.568
47 68 -0.568
47 69 -0.494
47 70 -0.431
47 71 0.001
47 72 -0.305
47 73 -0.362
47 74 -0.180
47 75 -0.135
47 76 -0.400
47 77 -0.562
47 78 -0.202
47 79 0.000
47 80 0.000
47 81 0.000
47 82 0.000
47 83 0.000
48 48 0.131
48 49 -0.331
48 50 -0.532
48 51 -0.477
48 52 -0.069
48 53 0.134
48 54 0.272
48 55 0.283
48 56 0.687
48 57 0.599
48 58 0.749
48 59 0.117
48 60 -0.392
48 61 0.212
48 62 -0.065
48 63 0.345
48 64 -0.132
48 65 -0.240
48 66 -0.132
48 67 -0.325
48 68 -0.422
48 69 -0.392
48 70 -0.085
48 71 0.686
48 72 -0.030
48 73 -0.200
48 74 0.457
48 75 0.686
48 76 -0.121
48 77 -0.451
48 78 -0.081
48 79 0.000
48 80 0.000
48 81 0.000
48 82 0.000
48 83 0.000
49 49 -0.539
49 50 -0.659
49 51 -0.636
49 52 -0.211
49 53 -0.163
49 54 0.048
49 55 -0.050
49 56 0.395
49 57 0.164
49 58 0.381
49 59 -0.093
49 60 -0.484
49 61 -0.240
49 62 -0.460
49 63 -0.100
49 64 -0.422
49 65 -0.263
49 66 -0.435
49 67 -0.407
49 68 -0.590
49 69 -0.583
49 70 -0.478
49 71 -0.229
49 72 -0.431
49 73 -0.433
49 74 -0.085
49 75 0.033
49 76 -0.464
49 77 -0.627
49 78 -0.248
49 79 0.000
49 80 0.000
49 81 0.000
49 82 0.000
49 83 0.000
50 50 -0.770
50 51 -0.754
50 52 -0.382
50 53 -0.377
50 54 -0.240
50 55 -0.260
50 56 0.126
50 57 -0.086
50 58 0.189
50 59 -0.253
50 60 -0.665
50 61 -0.568
50 62 -0.543
50 63 -0.472
50 64 -0.484
50 65 -0.435
50 66 -0.660
50 67 -0.590
50 68 -0.688
50 69 -0.688
50 70 -0.543
50 71 -0.392
50 72 -0.533
50 73 -0.550
50 74 -0.342
50 75 -0.135
50 76 -0.640
50 77 -0.713
50 78 -0.436
50 79 0.000
50 80 0.000
50 81 0.000
50 82 0.000
50 83 0.000
51 51 -0.754
51 52 -0.348
51 53 -0.368
51 54 -0.146
51 55 -0.272
51 56 0.146
51 57 -0.021
51 58 0.332
51 59 -0.268
51 60 -0.610
51 61 -0.534
51 62 -0.568
51 63 -0.448
51 64 -0.360
51 65 -0.325
51 66 -0.623
51 67 -0.551
51 68 -0.728
51 69 -0.683
51 70 -0.518
51 71 -0.320
51 72 -0.392
51 73 -0.446
51 74 -0.158
51 75 -0.158
51 76 -0.580
51 77 -0.696
51 78 -0.447
51 79 0.000
51 80 0.000
51 81 0.000
51 82 0.000
51 83 0.000
52 52 -0.342
52 53 -0.286
52 54 0.013
52 55 0.084
52 56 0.394
52 57 -0.030
52 58 0.090
52 59 -0.215
52 60 -0.058
52 61 -0.058
52 62 -0.436
52 63 -0.359
52 64 -0.412
52 65 -0.412
52 66 -0.478
52 67 -0.650
52 68 -0.546
52 69 -0.641
52 70 -0.221
52 71 0.015
52 72 -0.334
52 73 -0.424
52 74 -0.129
52 75 -0.085
52 76 -0.158
52 77 -0.332
52 78 -0.115
52 79 0.000
52 80 0.000
52 81 0.000
52 82 0.000
52 83 0.000
53 53 -0.359
53 54 -0.026
53 55 0.009
53 56 0.172
53 57 -0.100
53 58 0.090
53 59 -0.150
53 60 -0.359
53 61 -0.359
53 62 -0.497
53 63 -0.328
53 64 -0.515
53 65 -0.497
53 66 -0.436
53 67 -0.546
53 68 -0.436
53 69 -0.574
53 70 -0.322
53 71 -0.221
53 72 -0.433
53 73 -0.516
53 74 -0.334
53 75 -0.400
53 76 -0.111
53 77 -0.361
53 78 -0.244
53 79 0.000
53 80 0.000
53 81 0.000
53 82 0.000
53 83 0.000
54 54 0.363
54 55 0.134
54 56 0.343
54 57 0.109
54 58 0.243
54 59 0.109
54 60 -0.328
54 61 -0.359
54 62 -0.497
54 63 -0.387
54 64 -0.458
54 65 -0.478
54 66 -0.458
54 67 -0.561
54 68 -0.478
54 69 -0.587
54 70 -0.282
54 71 -0.187
54 72 -0.410
54 73 -0.485
54 74 -0.369
54 75 -0.322
54 76 0.128
54 77 -0.162
54 78 -0.143
54 79 0.000
54 80 0.000
54 81 0.000
54 82 0.000
54 83 0.000
55 55 -0.110
55 56 0.053
55 57 -0.167
55 58 0.064
55 59 -0.251
55 60 -0.224
55 61 0.147
55 62 -0.293
55 63 0.003
55 64 -0.384
55 65 -0.293
55 66 0.003
55 67 -0.415
55 68 -0.248
55 69 -0.313
55 70 -0.018
55 71 0.176
55 72 -0.145
55 73 -0.233
55 74 -0.106
55 75 -0.145
55 76 -0.117
55 77 -0.177
55 78 -0.115
55 79 0.000
55 80 0.000
55 81 0.000
55 82 0.000
55 83 0.000
56 56 0.314
56 57 -0.007
56 58 0.213
56 59 -0.093
56 60 0.095
56 61 0.717
56 62 -0.108
56 63 0.848
56 64 -0.140
56 65 -0.108
56 66 0.416
56 67 -0.197
56 68 0.416
56 69 0.416
56 70 0.133
56 71 0.668
56 72 0.320
56 73 0.166
56 74 0.365
56 75 0.365
56 76 0.274
56 77 0.078
56 78 0.095
56 79 0.000
56 80 0.000
56 81 0.000
56 82 0.000
56 83 0.000
57 57 -0.240
57 58 -0.137
57 59 -0.297
57 60 0.211
57 61 0.458
57 62 -0.013
57 63 0.458
57 64 0.035
57 65 0.365
57 66 0.088
57 67 0.035
57 68 0.146
57 69 0.211
57 70 -0.023
57 71 0.498
57 72 0.210
57 73 0.014
57 74 0.282
57 75 0.145
57 76 -0.039
57 77 -0.221
57 78 -0.016
57 79 0.000
57 80 0.000
57 81 0.000
57 82 0.000
57 83 0.000
58 58 0.116
58 59 -0.195
58 60 0.564
58 61 1.000
58 62 0.088
58 63 1.000
58 64 0.146
58 65 0.564
58 66 0.830
58 67 0.284
58 68 0.458
58 69 0.564
58 70 0.145
58 71 0.861
58 72 0.477
58 73 0.347
58 74 0.541
58 75 0.418
58 76 0.151
58 77 -0.007
58 78 0.226
58 79 0.000
58 80 0.000
58 81 0.000
58 82 0.000
58 83 0.000
59 59 -0.327
59 60 0.088
59 61 0.146
59 62 -0.255
59 63 0.211
59 64 -0.133
59 65 0.035
59 66 -0.133
59 67 -0.280
59 68 -0.304
59 69 -0.280
59 70 -0.175
59 71 0.196
59 72 -0.082
59 73 -0.148
59 74 0.121
59 75 0.098
59 76 -0.268
59 77 -0.383
59 78 -0.149
59 79 0.000
59 80 0.000
59 81 0.000
59 82 0.000
59 83 0.000
60 60 -0.176
60 61 0.169
60 62 -0.176
60 63 0.169
60 64 -0.033
60 65 0.169
60 66 -0.176
60 67 -0.282
60 68 -0.282
60 69 -0.365
60 70 -0.468
60 71 -0.130
60 72 -0.370
60 73 -0.339
60 74 -0.181
60 75 0.163
60 76 -0.316
60 77 -0.493
60 78 -0.158
60 79 0.000
60 80 0.000
60 81 0.000
60 82 0.000
60 83 0.000
61 61 1.000
61 62 0.169
61 63 0.476
61 64 0.476
61 65 0.476
61 66 0.476
61 67 0.169
61 68 0.169
61 69 0.169
61 70 -0.306
61 71 0.554
61 72 -0.004
61 73 0.033
61 74 0.270
61 75 0.398
61 76 0.221
61 77 -0.294
61 78 0.044
61 79 0.000
61 80 0.000
61 81 0.000
61 82 0.000
61 83 0.000
62 62 0.169
62 63 0.169
62 64 0.169
62 65 -0.033
62 66 0.476
62 67 -0.033
62 68 -0.176
62 69 -0.176
62 70 -0.339
62 71 -0.130
62 72 -0.370
62 73 -0.306
62 74 -0.269
62 75 -0.269
62 76 -0.188
62 77 -0.357
62 78 -0.100
62 79 0.000
62 80 0.000
62 81 0.000
62 82 0.000
62 83 0.000
63 63 1.000
63 64 0.476
63 65 0.476
63 66 0.169
63 67 0.476
63 68 0.169
63 69 0.169
63 70 -0.397
63 71 0.073
63 72 -0.071
63 73 0.117
63 74 0.749
63 75 0.749
63 76 -0.157
63 77 -0.393
63 78 -0.233
63 79 0.000
63 80 0.000
63 81 0.000
63 82 0.000
63 83 0.000
64 64 0.169
64 65 0.476
64 66 0.476
64 67 -0.176
64 68 0.476
64 69 -0.033
64 70 -0.397
64 71 0.554
64 72 -0.039
64 73 -0.323
64 74 -0.130
64 75 -0.227
64 76 -0.188
64 77 -0.357
64 78 -0.210
64 79 0.000
64 80 0.000
64 81 0.000
64 82 0.000
64 83 0.000
65 65 0.169
65 66 -0.033
65 67 -0.033
65 68 -0.033
65 69 0.476
65 70 -0.269
65 71 0.270
65 72 0.073
65 73 -0.071
65 74 0.554
65 75 0.270
65 76 -0.217
65 77 -0.337
65 78 -0.296
65 79 0.000
65 80 0.000
65 81 0.000
65 82 0.000
65 83 0.000
66 66 -0.365
66 67 -0.282
66 68 -0.430
66 69 -0.176
66 70 -0.583
66 71 -0.181
66 72 -0.397
66 73 -0.288
66 74 0.163
66 75 -0.004
66 76 -0.516
66 77 -0.610
66 78 -0.435
66 79 0.000
66 80 0.000
66 81 0.000
66 82 0.000
66 83 0.000
67 67 -0.176
67 68 -0.365
67 69 -0.282
67 70 -0.540
67 71 -0.227
67 72 -0.397
67 73 -0.306
67 74 -0.181
67 75 -0.130
67 76 -0.516
67 77 -0.606
67 78 -0.470
67 79 0.000
67 80 0.000
67 81 0.000
67 82 0.000
67 83 0.000
68 68 -0.566
68 69 -0.598
68 70 -0.619
68 71 -0.339
68 72 -0.468
68 73 -0.435
68 74 -0.227
68 75 -0.339
68 76 -0.620
68 77 -0.690
68 78 -0.422
68 79 0.000
68 80 0.000
68 81 0.000
68 82 0.000
68 83 0.000
69 69 -0.484
69 70 -0.570
69 71 -0.227
69 72 -0.384
69 73 -0.468
69 74 -0.339
69 75 -0.339
69 76 -0.583
69 77 -0.686
69 78 -0.422
69 79 0.000
69 80 0.000
69 81 0.000
69 82 0.000
69 83 0.000
70 70 -0.464
70 71 -0.151
70 72 -0.361
70 73 -0.427
70 74 -0.293
70 75 -0.129
70 76 -0.356
70 77 -0.506
70 78 -0.116
70 79 0.000
70 80 0.000
70 81 0.000
70 82 0.000
70 83 0.000
71 71 0.620
71 72 -0.056
71 73 -0.229
71 74 0.260
71 75 0.309
71 76 0.163
71 77 -0.301
71 78 -0.105
71 79 0.000
71 80 0.000
71 81 0.000
71 82 0.000
71 83 0.000
72 72 -0.322
72 73 -0.384
72 74 -0.151
72 75 -0.106
72 76 -0.330
72 77 -0.453
72 78 -0.317
72 79 0.000
72 80 0.000
72 81 0.000
72 82 0.000
72 83 0.000
73 73 -0.468
73 74 -0.151
73 75 -0.172
73 76 -0.427
73 77 -0.492
73 78 -0.440
73 79 0.000
73 80 0.000
73 81 0.000
73 82 0.000
73 83 0.000
74 74 0.480
74 75 0.260
74 76 0.057
74 77 -0.284
74 78 -0.362
74 79 0.000
74 80 0.000
74 81 0.000
74 82 0.000
74 83 0.000
75 75 0.097
75 76 0.187
75 77 -0.113
75 78 -0.311
75 79 0.000
75 80 0.000
75 81 0.000
75 82 0.000
75 83 0.000
76 76 -0.274
76 77 -0.612
76 78 -0.198
76 79 0.000
76 80 0.000
76 81 0.000
76 82 0.000
76 83 0.000
77 77 -0.708
77 78 -0.207
77 79 0.000
77 80 0.000
77 81 0.000
77 82 0.000
77 83 0.000
78 78 1.000
78 79 0.000
78 80 0.000
78 81 0.000
78 82 0.000
78 83 0.000
79 79 0.000
79 80 0.000
79 81 0.000
79 82 0.000
79 83 0.000
80 80 0.000
80 81 0.000
80 82 0.000
80 83 0.000
81 81 0.000
81 82 0.000
81 83 0.000
82 82 0.000
82 83 0.000
83 83 0.000
