  1   0  167.369  168.192   10.625   -173.539 -171.823   17.689    0.044
  1   1   63.855   60.410   14.001   -124.189 -125.378    9.461    0.025
  1   2   86.696   87.124    7.565     24.409   24.409    7.897    0.028
  1   3  130.632  130.226   12.245   -169.508 -167.674   17.418    0.028
  1   4  -57.539  -54.843   12.685    -58.010  -57.735    9.903    0.023
  1   5  -68.363  -67.646    9.317    -25.543  -24.635    7.338    0.046
  1   6   97.918   99.460   10.807    -31.011  -30.568    8.683    0.020
  1   7   93.595   94.220    7.006    -12.157  -12.121    4.965    0.054
  1   8  -79.447  -79.428   10.916    171.638  172.223    9.843    0.047
  1   9   75.977   75.016    6.120     13.611   13.597    4.759    0.058
  1  10 -119.265 -121.904   15.614    144.050  144.126   15.991    0.041
  1  11   89.914   90.667   10.986    167.304  166.209    9.447    0.026
  1  12   83.157   84.196   11.058   -169.300 -168.882    8.258    0.027
  1  13 -162.679 -159.662   12.808    174.642  173.075   16.455    0.055
  1  14  -62.311  -62.271    6.629    -41.644  -41.418    4.562    0.102
  1  15  -82.347  -84.391   10.911     -5.026   -4.673   10.598    0.035
  1  16 -109.020 -111.378   18.311     16.878   16.241   15.301    0.022
  1  17   90.866   99.592   26.210     93.828   97.019   16.754    0.005
  1  18  -93.153  -93.628   24.864     71.620   72.309   19.600    0.010
  1  19   86.428   94.009   22.733    -73.502  -75.757   16.285    0.007
  1  20   65.534   65.160    7.643     31.231   29.959    6.023    0.045
  1  21   81.717   82.067    5.934     -0.095   -0.296    5.580    0.063
  1  22  102.314  103.156    9.093      5.488    5.859    7.865    0.037
  1  23   63.817   59.437   14.051     51.436   52.134   10.469    0.016
  1  24  -99.319 -101.504   15.278   -160.837 -161.864   12.453    0.036
  1  25   70.902   69.882   12.767   -148.522 -148.931    8.332    0.023
  1  26  111.382  115.713   17.645    143.329  143.490   13.359    0.019
  1  27 -111.984 -117.248   24.039   -108.386 -108.184   21.878    0.010
  1  28  132.018  134.634   18.147    -17.219  -18.606   20.003    0.015
  1  29  -69.759  -68.946   14.227    140.417  140.569   12.043    0.035
  2   0  -69.538  -68.565    8.616    146.521  147.368    6.753    0.067
  2   1  156.827  164.112   30.561    122.906  122.968   20.445    0.001
  2   2 -106.590 -113.227   15.420     28.630   26.844   11.639    0.011
  2   3  -63.158  -63.117    3.019    -45.875  -45.921    2.325    0.098
  2   4  -62.486  -62.585    4.297    -24.364  -23.824    3.791    0.045
  2   5 -154.983 -155.248   10.447    153.165  155.793   13.638    0.082
  2   6  -71.023  -71.373    4.226    -33.479  -33.453    3.298    0.048
  2   7   58.044   56.631   11.810     40.226   40.303   20.370    0.012
  2   8 -140.025 -139.039   13.865     77.914   81.097   19.020    0.012
  2   9  -57.638  -57.950    2.715    -40.893  -41.288    2.351    0.085
  2  10   67.227   72.777   21.889    -44.349  -37.761   24.923    0.002
  2  11  -59.093  -59.531    4.081    -54.543  -53.771    3.470    0.027
  2  12  -78.762  -79.697    4.814    -21.024  -20.623    5.156    0.024
  2  13  -84.896  -84.818   11.544     79.475   78.941   15.022    0.012
  2  14  -57.943  -57.940    4.491    -33.227  -32.924    2.732    0.054
  2  15  -70.610  -70.434    5.724    -12.250  -11.202    5.159    0.027
  2  16  -84.760  -84.154    9.207    -51.852  -51.331    9.148    0.009
  2  17  -53.821  -48.905   14.857    -69.907  -71.890   11.293    0.005
  2  18  -62.488  -60.724   10.886    128.319  129.590    8.182    0.040
  2  19  -66.268  -65.998    2.789    -39.643  -39.647    2.422    0.110
  2  20 -139.037 -143.675   21.081    -21.861  -21.856   23.143    0.004
  2  21  -49.889  -48.556    6.505    -48.367  -48.147    4.895    0.033
  2  22 -101.123 -101.276   10.953    124.643  125.234   11.204    0.043
  2  23  -97.025  -98.074    8.606     -5.689   -4.824    6.894    0.019
  2  24  -98.030  -98.358    9.067    -31.567  -31.907    7.986    0.009
  2  25 -120.018 -126.565   25.062   -123.070 -126.501   25.257    0.003
  2  26   68.324   56.446   19.043   -145.361 -144.374   30.324    0.002
  2  27  -84.771  -84.533    7.538      6.425    6.161    7.973    0.017
  2  28 -124.206 -125.754    9.972    144.602  143.969   12.634    0.061
  2  29  -83.936  -85.942   11.013    163.278  162.695   11.054    0.035
  3   0  -63.211  -64.228    5.732    -18.886  -18.357    5.425    0.017
  3   1   71.963   66.950   23.049    -69.604  -68.922   38.985    0.001
  3   2  -67.314  -67.153    4.010    -47.012  -46.986    2.942    0.065
  3   3 -152.175 -151.235    8.618    146.564  147.081    9.480    0.026
  3   4 -113.868 -116.772   14.017    -63.358  -60.581   14.175    0.008
  3   5 -116.311 -116.612   12.204     15.146   15.776   10.741    0.015
  3   6  -62.251  -62.627    8.878    130.376  130.116    7.082    0.035
  3   7  -56.024  -54.810    6.572    -49.772  -49.727    3.643    0.044
  3   8  -85.814  -86.885   10.176     91.327   90.739   11.816    0.010
  3   9   95.464   59.403   19.872     61.770   74.600   37.820    0.003
  3  10  -69.175  -69.323    3.739    -38.793  -38.805    2.880    0.061
  3  11  -82.979  -83.842    6.905    116.286  117.046    5.929    0.037
  3  12  -98.589  -99.847    9.552    162.831  163.682   11.566    0.014
  3  13  -67.264  -68.121    7.757    152.568  152.109    8.324    0.015
  3  14 -132.841 -132.801    5.323    139.716  139.681    6.142    0.077
  3  15  -62.568  -62.609    8.640    -60.252  -61.359    8.807    0.010
  3  16 -111.313 -111.497    6.833    109.669  109.324    6.522    0.045
  3  17 -103.484 -103.168    5.090    125.359  125.586    5.201    0.065
  3  18  -92.930  -92.885    8.097    -44.568  -44.916    7.459    0.017
  3  19 -126.446 -128.349   11.564     74.187   77.856   12.967    0.007
  3  20  -58.862  -59.231    3.808    -41.913  -41.904    2.730    0.073
  3  21  -61.406  -61.139    4.978    -31.522  -31.512    3.234    0.033
  3  22 -131.968 -132.526    6.937    117.578  117.649    7.301    0.046
  3  23 -112.813 -113.459    5.950    141.752  142.193    5.909    0.050
  3  24  -85.306  -87.252    8.735     -7.759   -5.592    9.306    0.015
  3  25 -131.523 -131.895    7.771    165.149  163.942    8.874    0.058
  3  26  -78.622  -78.760    5.898    -26.878  -27.472    5.026    0.018
  3  27  -85.575  -85.845    6.521    136.054  135.423    5.758    0.039
  3  28 -120.201 -120.171    4.513    127.398  127.487    4.610    0.082
  3  29 -117.572 -117.860   12.533    -17.002  -16.001    9.825    0.016
  4   0 -109.607 -110.705    9.090    153.306  154.427    8.988    0.046
  4   1  -54.771  -54.796    4.436    -45.141  -44.867    3.216    0.060
  4   2 -112.551 -113.468   11.032     -4.382   -3.377    8.381    0.015
  4   3  -89.331  -92.154   12.966    175.985  175.199   12.964    0.011
  4   4  -65.434  -65.493    4.497    -19.837  -19.030    5.522    0.031
  4   5  -69.089  -82.013   22.018    -91.157  -96.781   16.695    0.001
  4   6  -53.217  -51.958    8.531    -56.506  -56.563    5.581    0.023
  4   7 -156.911 -153.817    9.203    131.171  135.609   18.090    0.020
  4   8  -84.378  -86.378    8.628    111.160  112.416    8.088    0.033
  4   9  134.528   96.507   43.938    149.721  149.584   30.471    0.001
  4  10  -78.931  -79.152    6.084    -40.869  -40.846    4.058    0.027
  4  11  -64.606  -64.428    3.348    -48.042  -48.034    3.011    0.074
  4  12  -67.435  -65.404   10.466    132.472  132.101    7.432    0.055
  4  13 -129.979 -130.848    8.528    141.388  143.391   11.808    0.061
  4  14 -112.873 -116.443   14.609     31.634   31.716   12.717    0.010
  4  15  -63.436  -63.566    2.907    -40.502  -40.558    2.179    0.117
  4  16  -98.331  -97.946    6.240    -24.128  -24.137    7.579    0.017
  4  17  -81.585  -81.953    6.894     -7.653   -7.088    5.824    0.032
  4  18   62.467   58.998   13.536     31.507   36.987   23.412    0.008
  4  19  -96.509  -97.775   17.705     77.196   77.205   11.504    0.013
  4  20 -118.051 -119.101    9.467    114.113  114.031    9.702    0.059
  4  21  -75.334  -76.248    9.036    151.296  150.815    6.861    0.045
  4  22  -79.350  -81.150    9.103    -58.762  -58.098    6.549    0.007
  4  23  -77.687  -78.084    4.446    -25.887  -25.480    4.345    0.025
  4  24 -116.859 -116.358   15.812    -45.389  -47.664   13.749    0.008
  4  25  -94.991  -95.263    7.317      8.729    8.250    7.575    0.022
  4  26 -101.244 -101.291    7.684    130.770  130.696    6.693    0.072
  4  27   76.198   63.023   22.099    -80.633  -90.934   40.296    0.001
  4  28  -67.825  -67.963    2.912    -33.805  -33.985    3.095    0.069
  4  29  -56.980  -57.115    4.555    -31.643  -31.980    3.895    0.036
  5   0  -76.250  -77.494   11.759    153.141  153.000    9.906    0.021
  5   1  -63.545  -63.960    2.320    -43.063  -42.842    2.091    0.089
  5   2 -102.132 -104.367   10.207    -25.662  -25.397    7.513    0.010
  5   3  -60.073  -59.950    2.363    -48.149  -47.826    2.310    0.059
  5   4  -55.819  -56.612    4.188    -55.654  -55.762    3.554    0.016
  5   5  -69.224  -69.292    3.495    -49.841  -49.817    3.416    0.034
  5   6   60.512   65.972   22.299    -68.781  -65.511   36.988    0.001
  5   7  -69.830  -70.224    5.990    -15.589  -14.275    6.081    0.016
  5   8  -72.594  -72.330    4.015    -40.088  -40.367    2.853    0.043
  5   9  -60.870  -60.247    5.169    -26.568  -26.210    3.887    0.024
  5  10  -82.580  -83.022    7.476    -62.291  -62.023    8.549    0.005
  5  11 -114.749 -116.529   10.531      2.215    1.728    9.685    0.016
  5  12  -73.135  -73.477    5.147    -30.843  -30.494    3.536    0.025
  5  13   64.851   54.918   21.099     82.399   75.689   34.366    0.002
  5  14  -89.619  -89.903    7.323     -3.596   -1.983    8.792    0.013
  5  15 -117.543 -118.456    9.667    103.578  105.546    9.670    0.054
  5  16  -72.007  -70.916   10.822    130.077  129.425    7.383    0.064
  5  17 -119.523 -120.043   12.524    -59.995  -55.831   11.974    0.006
  5  18 -145.595 -144.502    8.698    146.585  146.644   10.206    0.046
  5  19  160.863  173.673   20.214    143.712  149.130   26.755    0.001
  5  20 -104.399 -111.970   23.475   -125.965 -135.015   23.384    0.001
  5  21 -124.691 -125.094    6.995    128.304  128.358    7.131    0.139
  5  22  -46.245  -43.604   12.461    -68.656  -67.272   10.540    0.002
  5  23  -93.631  -93.844    7.094    -47.388  -46.175    5.851    0.014
  5  24  -50.039  -49.661    5.549    -45.875  -44.882    4.720    0.021
  5  25  -90.814  -90.824    7.867    111.232  110.933   10.020    0.059
  5  26  -60.007  -60.229    3.793    -36.563  -36.715    2.644    0.047
  5  27 -120.559 -123.201    9.423    158.698  159.229   10.048    0.052
  5  28 -103.781 -104.116    6.788    129.284  129.118    7.279    0.111
  5  29 -112.301 -115.747   15.410     32.277   32.651   14.258    0.008
  6   0  -73.995  -73.842    7.140    161.557  161.733    6.174    0.052
  6   1 -103.118 -105.256    8.730     -1.076   -2.362    7.352    0.028
  6   2  -89.184  -89.731    7.653    -21.290  -21.151    5.788    0.028
  6   3  127.384   78.630   39.769   -104.519  -98.564   31.682    0.003
  6   4  -53.379  -46.478   17.436    -62.772  -63.275   10.474    0.011
  6   5 -126.226 -130.239   15.010     22.547   22.382   15.278    0.017
  6   6 -131.246 -133.290   19.339    -37.975  -37.169   19.632    0.010
  6   7  -92.973  -93.353    9.368     15.608   16.877    8.874    0.015
  6   8  -69.182  -69.740    4.444    -33.421  -33.529    3.419    0.052
  6   9 -147.140 -147.393    7.102    155.486  153.571   10.512    0.076
  6  10  -87.997  -89.359    9.173    175.639  174.873   10.350    0.028
  6  11  -69.022  -69.248    5.276    -14.918  -14.509    4.841    0.049
  6  12  -97.265  -97.217    8.380    143.205  143.324    8.650    0.044
  6  13 -165.929 -163.949    8.569    163.260  166.854   14.151    0.049
  6  14  -64.075  -64.304    3.437    -41.838  -41.957    3.223    0.078
  6  15  -57.993  -57.556    4.983    -48.849  -48.452    3.399    0.044
  6  16  -64.182  -62.760    4.527    -24.840  -24.364    3.659    0.052
  6  17 -123.223 -124.579    9.350    165.638  166.692   12.337    0.045
  6  18   90.203   69.384   22.377    155.822  165.478   40.304    0.003
  6  19  -81.079  -81.449    6.111     -4.357   -4.291    5.757    0.035
  6  20  -94.984  -96.608   10.848    112.903  114.821    9.012    0.028
  6  21 -137.720 -140.512   15.196     97.875   98.369   16.844    0.021
  6  22  -92.767 -106.521   23.687    -99.532 -102.348   21.160    0.003
  6  23  -53.534  -53.231    6.621    -35.552  -35.380    5.098    0.040
  6  24  -61.555  -60.030   12.439    127.727  127.573    8.772    0.032
  6  25  -66.175  -65.612    8.735    145.588  145.696    5.822    0.050
  6  26   62.044   57.507   14.175     36.790   35.938   24.365    0.025
  6  27  -85.740  -86.609    9.080    -44.742  -45.912    8.814    0.014
  6  28  -86.785  -86.445   14.902     70.649   69.892   13.196    0.008
  6  29 -126.301 -127.838    9.449    136.417  135.496    8.837    0.059
  7   0 -118.762 -120.988   14.609     35.588   36.978   14.508    0.013
  7   1 -151.411 -150.773   10.067    157.428  159.671   14.106    0.065
  7   2 -124.455 -126.152   12.544    106.516  107.849   12.374    0.034
  7   3 -136.966 -135.016   12.050    -16.382  -15.477   12.226    0.010
  7   4  -49.513  -48.740    7.457    -50.599  -50.457    5.949    0.023
  7   5  -74.581  -73.527    8.694    152.246  153.519    8.360    0.042
  7   6   52.143   57.796   24.840    -81.706  -82.798   35.173    0.002
  7   7  -75.336  -76.303    4.684    -30.149  -29.594    4.602    0.026
  7   8  -68.631  -68.529    3.389    -39.676  -39.769    3.365    0.056
  7   9 -111.933 -112.627    6.761    -23.450  -22.800    9.085    0.024
  7  10  -89.310  -89.866    9.525    167.444  166.443    8.017    0.052
  7  11 -125.812 -126.579    8.797    162.592  163.895    9.571    0.095
  7  12   75.485   59.831   24.539     97.331   97.096   42.048    0.004
  7  13 -115.130 -115.912    7.973      5.498    5.846    7.914    0.033
  7  14  -65.406  -65.640    4.725    -51.566  -51.071    3.529    0.028
  7  15  -66.102  -65.232    4.764    -22.535  -22.428    4.308    0.026
  7  16  104.924   71.794   19.105     10.352    5.749   20.971    0.003
  7  17  -64.958  -63.927   10.962    130.437  130.024    8.127    0.049
  7  18  -98.967  -99.687    8.407    126.507  127.198    8.840    0.076
  7  19  -81.542  -83.233   13.761     90.999   91.581   15.478    0.010
  7  20  -91.749  -91.846    6.218    -15.710  -15.676    6.108    0.031
  7  21 -103.351 -110.215   15.125   -168.077 -169.888   11.562    0.012
  7  22  -57.572  -57.545    5.297    -33.904  -33.706    4.154    0.031
  7  23  -71.415  -73.232    6.182     -8.904   -8.383    6.330    0.025
  7  24 -125.173 -126.283    9.033    135.361  134.760    7.429    0.110
  7  25 -125.553 -121.860   15.802    -82.488  -83.696   18.474    0.005
  7  26  -60.835  -60.613    2.880    -44.256  -44.314    2.622    0.070
  7  27  -91.883  -93.431    8.883    -44.624  -44.340    8.388    0.014
  7  28  -60.983  -61.220   14.376    -72.731  -73.476   10.853    0.003
  7  29  -92.971  -93.081    7.086      4.361    5.444    8.703    0.029
  8   0 -100.371 -102.202   12.704     36.920   37.157    9.306    0.013
  8   1 -106.326 -107.888   10.827    149.792  148.604    9.234    0.028
  8   2 -134.626 -134.629   14.045     18.328   18.949   14.682    0.017
  8   3  -55.244  -55.722    5.185    -34.310  -34.514    4.212    0.041
  8   4  -65.090  -64.417    4.928    -23.254  -22.580    4.403    0.041
  8   5  -65.637  -65.285   12.006    117.743  116.775    7.689    0.035
  8   6  -70.134  -70.809    4.681    -33.972  -34.316    3.675    0.061
  8   7  -84.568  -85.145    6.072      2.368    2.715    6.628    0.044
  8   8   60.676   57.629   11.675     41.106   39.425   23.938    0.052
  8   9 -140.368 -142.667   15.224     81.496   83.531   13.964    0.024
  8  10  142.129   77.824   39.862   -111.876 -121.104   38.349    0.005
  8  11  -94.835  -94.373    8.435    121.480  121.805    7.484    0.040
  8  12  -91.273  -92.559    9.733    100.614  101.278    6.354    0.047
  8  13 -101.319 -102.304    7.247     13.642   13.730    5.723    0.037
  8  14 -125.279 -126.868   11.851    114.467  113.755   10.637    0.041
  8  15 -101.688 -110.079   22.555    -86.931  -88.249   18.976    0.004
  8  16  -72.085  -72.517    9.469    155.378  155.857    7.609    0.039
  8  17  -71.614  -72.260    6.906    -53.623  -53.190    6.757    0.018
  8  18 -100.427 -102.885   13.718    -41.611  -41.262    8.636    0.013
  8  19  -86.394  -85.081   10.350     76.194   74.938    9.231    0.024
  8  20  -64.981  -62.894   10.613    136.573  137.309    5.994    0.047
  8  21  -73.914  -73.722    6.169    -11.163  -10.592    5.477    0.039
  8  22  -41.892  -36.541   21.844    -64.492  -66.243   15.141    0.007
  8  23 -104.582 -105.588    8.958     -6.984   -6.964    7.267    0.024
  8  24  -55.624  -55.870    4.400    -48.022  -48.117    4.167    0.055
  8  25 -162.922 -160.782   12.304    150.579  152.645   16.076    0.022
  8  26  -64.025  -63.775    2.969    -41.792  -41.753    2.965    0.098
  8  27  -88.056  -88.813   11.183   -179.054 -177.989   10.610    0.027
  8  28 -137.606 -142.989   13.375    173.403  178.019   13.328    0.029
  8  29  -89.439  -88.571    5.929    -24.837  -24.131    6.373    0.025
  9   0  -87.088  -87.180    7.031    -27.242  -26.743    6.027    0.028
  9   1  -48.009  -47.463    7.243    -47.043  -46.738    5.915    0.035
  9   2  -67.150  -66.778    4.863    -20.868  -19.981    4.532    0.049
  9   3 -127.067 -129.286   18.946    -31.149  -31.045   15.142    0.009
  9   4   53.698   52.500   12.004     53.867   54.800   19.818    0.013
  9   5  -96.054  -97.205    8.901    134.904  135.332    7.967    0.046
  9   6 -122.936 -125.678   15.443     23.592   26.751   16.768    0.011
  9   7  -58.268  -57.584    4.765    -29.598  -29.403    4.065    0.049
  9   8 -101.463 -101.716    8.481     -4.280   -5.336    6.950    0.023
  9   9  -62.913  -62.670    3.543    -47.420  -47.327    2.917    0.087
  9  10  -92.722  -93.193    9.669    -48.612  -49.125    9.106    0.013
  9  11  -76.437  -77.024    6.759     -8.430   -7.629    6.097    0.037
  9  12  -70.115  -70.249    4.003    -40.983  -41.447    2.969    0.077
  9  13  -68.699  -68.674    3.595    -33.779  -33.400    2.771    0.076
  9  14  -87.944  -89.266    9.939    110.243  111.227    8.786    0.025
  9  15 -112.499 -117.233   25.458   -112.423 -116.705   24.198    0.002
  9  16  -56.780  -56.757    5.605    -57.277  -56.727    4.210    0.023
  9  17  -59.781  -59.871   10.099    128.894  129.106    7.940    0.036
  9  18  152.386  145.665   41.220    162.712  161.024   25.830    0.001
  9  19  -86.195  -87.835   10.860    165.717  164.755   10.682    0.024
  9  20  -59.858  -60.087    3.118    -40.031  -40.124    2.547    0.113
  9  21  -58.152  -55.644   16.560    -77.181  -78.503   12.405    0.004
  9  22 -155.490 -153.366    9.160    145.540  148.449   14.455    0.038
  9  23  -93.203  -96.963   20.010     70.673   71.954   12.260    0.011
  9  24  -68.840  -69.010    7.953    146.904  147.144    7.381    0.044
  9  25   72.828   68.352   13.491     16.804   12.268   19.692    0.007
  9  26 -126.625 -126.950    9.531    152.622  153.120   11.293    0.053
  9  27 -125.598 -126.886   11.262    119.339  118.849   13.120    0.047
  9  28   54.031   56.378   21.458   -105.326 -113.496   37.940    0.002
  9  29  -92.034  -91.580    9.264     12.870   13.455    8.932    0.017
 10   0  -96.005  -95.558    8.797    118.228  118.776    7.144    0.046
 10   1  -66.949  -67.027    6.438    -27.626  -27.686    4.162    0.055
 10   2   68.573   68.600    9.560     13.666   11.816   14.855    0.028
 10   3 -123.397 -125.029   16.969    -22.542  -23.402   16.441    0.015
 10   4 -100.737 -102.554   10.331     31.601   31.923    8.248    0.022
 10   5  -63.809  -63.863    5.533    -38.017  -38.022    3.092    0.100
 10   6  -86.932 -105.951   25.208   -100.953 -100.685   18.965    0.003
 10   7  -88.107  -87.834    7.149     -0.622    0.345    6.645    0.047
 10   8  -35.395  -38.269   15.255    -67.592  -65.406   13.508    0.004
 10   9  -70.689  -70.502    6.300    -12.897  -11.349    6.608    0.037
 10  10  -85.841  -85.732   10.563     66.895   67.280    9.533    0.018
 10  11   56.151   55.914    6.782     39.839   39.665    6.904    0.067
 10  12 -162.936 -159.994    9.747    166.423  169.674   14.880    0.031
 10  13 -129.248 -129.904   12.313     18.949   19.748   11.246    0.029
 10  14  -61.080  -60.723   12.271    119.317  119.117    8.821    0.025
 10  15 -131.031 -132.467    9.112    165.382  166.877   14.200    0.031
 10  16 -138.931 -140.906   14.754     68.675   71.037   13.583    0.029
 10  17  -89.435  -90.295   11.856    -47.831  -48.027    9.731    0.013
 10  18  -68.644  -68.146    9.867    137.169  138.128    6.655    0.037
 10  19 -138.876 -141.661   12.869    125.638  124.624   12.439    0.037
 10  20  -88.342  -88.086    8.378     96.679   97.261    7.585    0.030
 10  21   50.869   49.651   11.858     63.836   62.503   13.598    0.026
 10  22  -90.356  -90.773    7.737    -21.880  -21.411    6.692    0.024
 10  23 -118.379 -119.551    9.489    102.635  102.610    9.540    0.033
 10  24 -101.321 -102.709    7.087     11.457   10.628    6.571    0.054
 10  25 -105.878 -106.872    9.184    144.189  143.722    8.708    0.037
 10  26  -92.128  -93.284   11.974   -178.788 -178.540   10.769    0.022
 10  27  -61.262  -59.712    6.044    -47.182  -47.456    4.800    0.070
 10  28  106.872   63.384   20.316   -122.700 -129.191   33.259    0.004
 10  29  -77.207  -76.567    9.429    158.206  158.863    8.074    0.029
 11   0  -73.470  -74.154    8.644    -60.012  -60.369    7.220    0.008
 11   1   55.483   53.558   11.130     49.987   53.369   19.457    0.018
 11   2 -115.226 -116.092   11.776    164.147  164.003   12.769    0.040
 11   3  -59.335  -70.583   23.157    -91.942  -98.551   20.884    0.002
 11   4  -59.235  -58.691    3.934    -31.888  -31.791    3.570    0.044
 11   5  -83.402  -84.700    6.384    -41.789  -41.383    5.507    0.017
 11   6  -57.930  -56.784    4.625    -51.083  -51.820    4.054    0.045
 11   7  -64.908  -65.010    2.382    -38.516  -38.294    2.204    0.093
 11   8  -89.029  -89.230    7.111     -3.697   -3.055    5.725    0.033
 11   9  -99.674 -100.103    8.803     11.806   12.194    7.923    0.024
 11  10 -133.228 -133.603   12.868    104.608  105.721   15.331    0.035
 11  11   65.275   65.500   11.429     20.921   15.035   20.982    0.011
 11  12  -72.878  -72.683    3.461    -33.429  -33.423    3.576    0.048
 11  13 -120.008 -125.194   13.192     30.557   33.419   14.776    0.013
 11  14  -88.384  -89.424    7.542    -21.159  -21.354    5.395    0.025
 11  15  -90.350  -92.387    9.409    112.302  114.689   10.049    0.039
 11  16  -69.683  -70.816    5.985    -11.474  -10.759    6.015    0.029
 11  17  -66.546  -66.763    3.199    -44.852  -44.977    2.559    0.067
 11  18  -68.189  -66.214   11.843    133.028  132.951    8.310    0.058
 11  19  -66.217  -66.083    4.570    -23.746  -23.391    3.426    0.038
 11  20 -115.474 -117.100   15.545    -44.558  -47.769   17.426    0.010
 11  21 -149.808 -148.512   11.471    150.644  150.397   13.129    0.072
 11  22  -58.030  -57.883    3.142    -43.066  -42.794    2.519    0.073
 11  23  -28.472  -24.835   25.866    -63.536  -66.927   16.586    0.003
 11  24  141.336   82.960   47.688   -139.443 -133.495   30.570    0.002
 11  25  -88.937  -88.910   14.622     70.359   71.826   12.673    0.011
 11  26 -122.482 -121.265   14.970    -10.698   -9.662   10.446    0.013
 11  27 -113.956 -114.747   10.873    135.498  135.096    8.317    0.075
 11  28  -39.502  -42.926    6.400    -38.754  -40.177    7.519    0.007
 11  29  -76.498  -79.072   10.520    155.810  156.151   10.146    0.048
 12   0 -103.173 -106.342   14.854     25.883   27.459   10.734    0.014
 12   1  -54.033  -51.881   12.761    -68.514  -71.936   11.198    0.006
 12   2  -90.538  -91.963    8.543    -21.389  -20.934    6.220    0.031
 12   3  -93.014  -93.012    8.260    -44.332  -44.147    8.261    0.018
 12   4   70.737   57.690   19.542   -127.743 -127.343   33.225    0.003
 12   5 -122.511 -123.045   13.469      1.372    1.906   12.229    0.017
 12   6  -64.104  -64.694    5.136    -53.130  -53.194    4.058    0.030
 12   7  -69.602  -69.741    3.892    -41.955  -42.136    3.082    0.064
 12   8  -71.691  -72.715    6.212    -11.113  -10.574    7.002    0.034
 12   9  -81.956  -83.278   11.887     79.946   79.294   13.968    0.011
 12  10   71.268   68.989   11.600     10.768    8.029   20.168    0.009
 12  11  -93.906  -93.998    8.543    137.831  138.375    7.443    0.049
 12  12  -62.427  -61.798    4.773    -23.193  -23.138    4.337    0.045
 12  13 -130.979 -133.069   13.959     88.012   89.236   16.896    0.017
 12  14  -93.177  -93.187    7.694      1.945    1.373    6.758    0.035
 12  15  -61.971  -61.887    2.756    -37.649  -37.313    2.879    0.087
 12  16  -48.358  -47.322    8.823    -52.896  -52.635    4.740    0.023
 12  17  -49.513  -49.940    5.741    -37.999  -37.457    4.985    0.027
 12  18  -72.154  -72.767    9.059    153.182  154.209    9.662    0.044
 12  19  -63.010  -62.741   10.578    129.853  130.108    8.712    0.053
 12  20  132.645  112.472   39.863    116.523  115.661   24.752    0.001
 12  21 -109.228 -111.792   11.931    166.122  164.286   11.481    0.038
 12  22  -96.741  -97.367   10.373    114.720  115.290    7.651    0.037
 12  23 -150.600 -149.794   11.351    151.071  152.005   13.814    0.056
 12  24 -124.684 -126.036    9.195    134.099  133.558   10.203    0.075
 12  25  -70.225  -71.375    4.526    -31.727  -31.342    3.647    0.052
 12  26  -59.652  -59.632    2.927    -45.304  -45.248    2.454    0.091
 12  27 -128.145 -130.095   20.218    -42.200  -40.807   14.939    0.008
 12  28  -95.036 -103.506   23.777    -96.045 -105.766   22.190    0.003
 12  29   55.923   53.895    9.809     45.237   46.810   14.742    0.023
 13   0 -101.898 -102.087    7.865     -5.066   -4.314    5.981    0.021
 13   1   80.653   63.324   18.982    -95.146 -106.101   45.537    0.003
 13   2  -60.585  -60.132    4.674    -25.878  -25.705    3.592    0.031
 13   3  -77.776  -77.818   10.240    -64.225  -67.474   14.364    0.007
 13   4 -121.614 -128.387   14.978     59.277   65.451   14.378    0.012
 13   5  -83.089  -83.971    5.541    -21.867  -21.328    5.271    0.023
 13   6 -133.522 -136.345   23.178    -65.544  -67.234   26.401    0.004
 13   7 -127.365 -128.699   12.034    117.517  118.761   11.039    0.053
 13   8  -57.624  -57.748    3.392    -51.272  -51.781    3.911    0.045
 13   9  -89.959  -92.503    9.258    120.337  123.090    9.574    0.053
 13  10  -58.760  -58.675    3.779    -36.045  -35.870    2.561    0.055
 13  11  -45.922  -46.634    5.046    -46.282  -45.340    5.143    0.019
 13  12  -84.010  -85.562   12.432     84.000   82.584   14.394    0.012
 13  13  -70.486  -70.793    3.793    -31.647  -31.475    3.103    0.044
 13  14  -59.586  -59.855    2.732    -43.452  -43.534    2.104    0.088
 13  15 -150.313 -149.417   10.683    155.260  156.020   13.598    0.073
 13  16   60.483   58.258   11.633     38.031   37.394   22.497    0.026
 13  17  -88.591  -88.951    7.374    -41.468  -41.143    6.324    0.015
 13  18 -120.415 -120.511    9.579    145.927  146.973   10.566    0.078
 13  19  -86.971  -87.143   12.119    163.162  162.436   13.725    0.040
 13  20 -124.410 -125.597   12.734     17.083   15.844   11.682    0.016
 13  21  -67.610  -67.228    3.012    -39.077  -39.017    2.163    0.073
 13  22  -94.929  -96.255    8.280     13.960   14.940    9.084    0.018
 13  23  -41.868  -41.610   11.804    -64.265  -65.180   10.448    0.006
 13  24 -111.337 -114.754   11.172    -25.955  -26.433    8.607    0.014
 13  25  -68.310  -65.525   11.140    138.882  138.561    9.993    0.075
 13  26  -78.136  -79.383    6.714     -3.738   -3.344    6.319    0.022
 13  27  -67.616  -67.629    4.709    -16.528  -16.049    4.780    0.028
 13  28  -68.231  -68.024    3.614    -46.478  -46.806    3.057    0.042
 13  29  160.117  153.995   43.082    136.914  131.413   22.942    0.002
 14   0  -64.677  -63.965    5.433    -27.573  -26.520    5.444    0.054
 14   1  -77.908  -77.926    8.133    -15.143  -14.583    6.498    0.040
 14   2 -111.996 -116.096   19.084   -143.741 -139.774   16.365    0.003
 14   3   63.753   59.220   12.576     36.025   36.544   22.753    0.021
 14   4  -91.999  -91.106    6.636    147.926  147.762    5.993    0.030
 14   5 -120.150 -125.434   10.547     91.768   93.336   10.031    0.021
 14   6  -90.114  -91.894    8.820      2.198    2.325    9.668    0.035
 14   7 -170.182 -168.161    7.848    154.563  155.239   12.619    0.018
 14   8 -133.792 -135.274    8.977    173.933  175.723    8.790    0.024
 14   9  -94.917  -94.638    9.749    170.352  170.766    8.666    0.023
 14  10  -91.711  -92.499    8.232    127.654  127.329    5.953    0.048
 14  11 -102.365 -102.762    8.826    109.830  110.819    7.141    0.037
 14  12  -79.157  -85.096    8.522     75.573   74.932   13.791    0.009
 14  13  -65.073  -63.845    9.174    135.715  135.934    5.866    0.043
 14  14 -126.033 -128.904    7.135    155.474  153.411    6.777    0.047
 14  15 -154.122 -154.504    7.153    162.706  165.146   10.663    0.050
 14  16 -128.811 -134.569   16.303     54.271   56.398   13.564    0.015
 14  17  -58.998  -57.712    7.731    -50.554  -50.658    5.910    0.070
 14  18 -117.719 -118.964   12.575     12.999   12.352   12.279    0.028
 14  19  -61.697  -62.086    4.523    -40.391  -40.512    3.300    0.110
 14  20  117.379   72.537   27.748    160.935  167.299   31.647    0.001
 14  21 -123.977 -123.958    7.782    129.682  129.205    7.395    0.065
 14  22  -93.337 -100.778   18.886    -67.929  -65.449   13.130    0.006
 14  23   68.184   60.262   20.776    -86.943 -102.907   35.379    0.003
 14  24 -111.112 -110.830    5.154    147.910  147.041    7.047    0.040
 14  25 -146.287 -147.396    9.477    118.883  119.882   12.326    0.046
 14  26  -75.947  -75.471    6.309    -38.588  -38.877    5.724    0.038
 14  27  -63.135  -63.128   14.553    116.636  117.714    7.395    0.023
 14  28 -113.387 -117.313   16.783    -33.092  -30.312   14.238    0.021
 14  29  -69.149  -70.195    6.922    156.821  156.074    7.261    0.030
 15   0  -52.550  -52.808    3.937    -47.974  -47.625    3.503    0.033
 15   1  -94.864  -96.887    8.704      5.442    6.330    9.445    0.035
 15   2  -50.767  -51.372    5.081    -35.064  -35.042    4.916    0.018
 15   3 -139.851 -141.577    8.325    145.658  144.449    9.787    0.066
 15   4   71.832   68.901    9.956      3.664    5.389   24.629    0.005
 15   5  -69.455  -66.677   10.860    133.812  133.302    8.172    0.060
 15   6  -85.402  -86.293    7.614    -45.719  -44.913    7.044    0.014
 15   7 -100.693 -104.368   14.021    -25.816  -25.008    9.684    0.019
 15   8  -62.257  -62.054    2.662    -44.997  -45.000    1.993    0.085
 15   9  -78.861  -78.827    7.395     -9.377   -7.774    5.957    0.032
 15  10  -61.775  -61.746    2.601    -38.169  -37.819    2.401    0.082
 15  11 -122.304 -123.001    7.630    132.375  130.498    8.571    0.063
 15  12   56.782   55.375   11.952     51.665   49.208   20.408    0.011
 15  13  -99.334  -99.757    7.621    127.749  128.264    9.455    0.057
 15  14  -68.581  -68.697    2.625    -40.602  -41.261    2.798    0.062
 15  15  -85.825  -88.040   11.101    101.119  103.223    8.958    0.019
 15  16  -76.695  -78.097   10.265    156.073  156.442    9.523    0.045
 15  17 -130.120 -131.106   14.965     93.713   94.664   15.761    0.021
 15  18 -115.625 -115.775   10.012    160.787  160.009   10.808    0.044
 15  19   66.702   60.326   20.266   -152.285 -158.659   38.219    0.002
 15  20  -63.549  -62.647    3.575    -27.838  -27.034    4.315    0.046
 15  21  -71.497  -71.888    3.953    -34.089  -33.675    2.671    0.049
 15  22  -72.378  -72.062    5.634    -21.645  -20.493    4.605    0.034
 15  23 -127.449 -125.451   14.373     22.115   20.944   16.024    0.015
 15  24  -86.821  -86.701   12.621     66.029   66.645   11.961    0.010
 15  25  -47.000  -44.777   12.028    -63.429  -64.262   11.206    0.006
 15  26  -99.470 -115.931   25.046    -79.285  -83.989   24.295    0.004
 15  27 -158.889 -155.848    9.367    163.140  162.616   10.994    0.032
 15  28  -61.889  -62.735    4.612    -53.102  -53.439    3.939    0.028
 15  29  171.473  176.241   20.053    177.936  177.415   16.064    0.001
 16   0   59.083   58.687   10.934     37.183   35.210   17.553    0.039
 16   1 -134.304 -135.694   10.081    124.673  124.216   10.428    0.060
 16   2   49.184   60.004   17.532   -107.269  -98.525   38.361    0.003
 16   3  156.988  141.375   34.879    -41.490  -31.686   33.581    0.001
 16   4 -129.762 -129.189   11.643     29.870   29.154   12.095    0.022
 16   5  -92.556  -93.483   12.231    171.148  169.606   10.513    0.022
 16   6  -91.182  -92.363    7.023      4.935    3.946    6.352    0.030
 16   7 -138.249 -138.046    9.416    161.575  161.828   11.139    0.065
 16   8 -162.228 -160.990    9.319    151.604  153.331   13.097    0.047
 16   9 -112.235 -112.590    9.188    142.754  143.507    8.296    0.059
 16  10  -70.081  -70.631    4.476    -39.604  -40.439    3.722    0.054
 16  11 -138.354 -132.439   11.129    -28.187  -32.614   17.169    0.009
 16  12 -131.304 -133.592   12.765     77.139   78.933   12.771    0.029
 16  13  -78.709  -78.453    6.501    -10.323   -9.880    6.073    0.034
 16  14  -87.272  -87.412   10.739     82.581   82.048   13.142    0.019
 16  15  -67.588  -64.312   12.096    127.035  127.907    8.527    0.051
 16  16 -112.787 -114.084    8.350     -3.568   -1.751    9.052    0.031
 16  17 -103.934 -103.703    9.758    115.803  115.566    9.090    0.056
 16  18  -64.657  -63.987    5.153    -20.468  -19.161    5.344    0.032
 16  19  -55.486  -55.102    5.813    -36.935  -36.507    4.796    0.039
 16  20  -74.177  -73.397   10.327    146.028  147.218    8.040    0.056
 16  21   62.350   53.008   24.606     97.994  101.110   30.952    0.003
 16  22  -61.906  -62.454    2.857    -44.152  -43.810    2.788    0.076
 16  23  -58.830  -58.135    5.212    -50.408  -50.212    2.674    0.049
 16  24 -112.434 -119.048   16.141   -110.964 -107.484   22.119    0.003
 16  25  -97.351 -101.462    9.208     25.290   24.031    9.536    0.021
 16  26  -56.603  -52.051   11.217    -60.973  -61.649    7.905    0.013
 16  27  -89.925  -93.341   13.099    -55.380  -54.828    9.111    0.012
 16  28  -93.456  -94.921    8.716    -26.615  -26.525    7.599    0.024
 16  29  -68.684  -69.222    4.872    -30.808  -30.659    3.149    0.042
 17   0 -128.934 -130.720    7.140    136.768  137.410    6.375    0.055
 17   1 -117.971 -118.229   16.720    -52.126  -55.124   16.385    0.009
 17   2 -134.350 -135.913   10.817    112.482  114.038    8.738    0.027
 17   3 -110.237 -111.639   11.190     23.078   22.420    9.859    0.030
 17   4  -69.182  -69.773    7.049    143.221  143.367    6.069    0.033
 17   5 -107.768 -108.089    7.298    108.670  108.562    8.137    0.032
 17   6  -92.253  -92.632    8.800     -0.965    0.481    7.658    0.040
 17   7   78.966   61.664   19.977    -89.812  -99.732   38.799    0.002
 17   8  -88.615  -89.604    7.837    -25.284  -26.091    7.918    0.024
 17   9  -61.966  -62.753   14.548    -69.107  -68.494   10.147    0.006
 17  10  -58.193  -57.199    6.534    -51.993  -52.132    3.324    0.073
 17  11  -87.129  -88.044    9.760     76.463   75.276   11.830    0.011
 17  12  -68.090  -68.912    6.393    -18.952  -17.340    6.772    0.034
 17  13  -58.278  -58.296    4.993    -43.874  -43.400    3.276    0.096
 17  14  -81.073  -82.023    7.799    110.968  110.870    7.585    0.017
 17  15  -58.229  -57.263    9.122    129.763  129.849    7.434    0.025
 17  16 -111.218 -111.430    5.601    131.048  130.874    6.471    0.049
 17  17 -121.832 -121.570   12.540     -8.702   -8.524   10.551    0.022
 17  18 -161.113 -160.742    7.193    153.649  156.944   12.599    0.051
 17  19  -79.074  -79.596    8.418    160.360  160.241    7.019    0.020
 17  20  -97.569 -103.237   14.956   -173.293 -171.777   17.197    0.006
 17  21  -96.439  -97.109    6.287    145.840  146.632    6.192    0.035
 17  22 -130.484 -131.060   11.672     71.936   72.047   12.294    0.017
 17  23 -140.636 -141.230    6.878    158.953  160.831    9.349    0.062
 17  24  -65.119  -64.931    5.235    -33.180  -33.190    3.626    0.063
 17  25   62.544   59.732   10.986     35.128   33.606   20.425    0.017
 17  26  132.138   96.974   35.917    144.952  139.964   24.027    0.001
 17  27 -117.605 -118.124    6.600    156.452  156.439    7.523    0.045
 17  28  -88.626  -88.784    6.787    128.304  128.530    5.556    0.033
 17  29  -70.585  -70.790    5.871    -43.337  -44.191    4.663    0.065
 18   0  -96.902  -98.477    7.209      6.653    7.190    6.441    0.029
 18   1 -137.463 -138.067    7.074    158.531  160.188    9.496    0.075
 18   2 -126.303 -127.263   12.359      4.127    4.133   10.588    0.016
 18   3   82.216   73.080   12.912      5.134   -1.880   23.778    0.005
 18   4 -116.405 -117.850   15.222    -50.232  -51.505   13.057    0.010
 18   5   64.528   62.230   17.669   -150.925 -146.774   39.699    0.002
 18   6  -64.784  -67.270   11.825    -70.115  -68.600    9.544    0.004
 18   7  -55.426  -55.676    4.591    -44.354  -43.920    3.489    0.059
 18   8  -22.404  -27.769   13.744    -64.270  -65.486   14.146    0.002
 18   9 -113.612 -113.981    9.047    111.814  112.689    8.321    0.044
 18  10   56.416   55.003    9.729     43.641   43.806   17.860    0.014
 18  11  -98.296  -99.792    8.072    135.957  135.874    7.011    0.062
 18  12  -62.493  -61.820    5.403    -31.873  -31.235    3.523    0.039
 18  13  -66.025  -66.608    3.918    -39.258  -39.280    2.693    0.062
 18  14 -116.624 -116.682    6.833    154.225  154.401    9.046    0.069
 18  15  -68.042  -68.359    5.891    -19.492  -19.151    6.134    0.028
 18  16  -82.514  -82.677    9.544    159.848  158.995    9.744    0.034
 18  17  -66.615  -66.670    5.032    -47.675  -48.068    3.364    0.062
 18  18 -108.773 -111.334   10.075     26.078   27.039    9.590    0.019
 18  19 -158.661 -159.517    8.375    151.019  154.677   13.906    0.054
 18  20  -64.722  -63.379    9.962    136.954  136.404    8.701    0.055
 18  21 -133.562 -132.641   11.136     74.045   74.950   13.431    0.016
 18  22  -92.174  -89.841   10.568     81.816   80.427   12.551    0.012
 18  23 -109.810 -110.136    7.989    -14.166  -15.041    7.854    0.020
 18  24  -85.634  -85.589    7.336    -31.741  -32.966    7.477    0.022
 18  25 -129.203 -130.088    9.285    131.456  131.699    8.345    0.081
 18  26  -84.755  -84.156    6.782     -7.240   -7.247    6.501    0.024
 18  27  -56.880  -56.449    4.721    -53.075  -52.942    3.390    0.048
 18  28  -81.220  -82.540    8.932    117.198  117.433    8.356    0.027
 18  29 -112.151 -116.390   19.310   -137.018 -137.923   22.938    0.003
 19   0  -92.036  -91.869    6.884    141.908  142.977    5.503    0.040
 19   1  -83.434  -85.772    8.456     -3.268   -3.752    7.320    0.036
 19   2  -82.569  -81.980    7.556    165.059  163.646    9.455    0.016
 19   3 -149.457 -151.069    8.799    126.640  129.163   10.692    0.022
 19   4  -90.640  -87.746   10.382     79.095   73.570   11.274    0.010
 19   5 -113.189 -113.717   14.162    -22.989  -23.821   14.008    0.024
 19   6  150.561  135.698   55.037    -43.649  -54.391   27.027    0.001
 19   7  -67.088  -67.799    8.067    135.881  135.914    3.862    0.037
 19   8 -110.887 -110.942    5.283    133.691  133.755    5.605    0.039
 19   9 -136.463 -137.633    6.472    157.695  156.591    8.329    0.046
 19  10 -103.427 -110.880   20.801    -90.500  -82.109   21.958    0.004
 19  11   61.109   62.206   10.538     37.994   28.740   22.020    0.012
 19  12  -64.848  -63.503   10.621    122.074  122.541    5.597    0.018
 19  13  -62.959  -61.275    5.082    -29.838  -28.960    4.130    0.061
 19  14  -55.313  -53.656    9.980    -52.664  -54.125    7.514    0.051
 19  15  -66.563  -67.230    4.425    -38.190  -38.417    3.181    0.081
 19  16 -107.276 -109.989   11.633     17.376   16.467   11.687    0.034
 19  17  -71.912  -72.665    7.503    -18.751  -19.274    6.470    0.051
 19  18 -110.567 -111.444    7.450    110.938  109.589    7.911    0.026
 19  19 -129.001 -128.552    5.341    126.135  127.609    7.557    0.041
 19  20 -119.903 -120.621    6.360    147.990  147.318    5.400    0.051
 19  21 -134.708 -137.328   13.550     77.197   77.227   14.514    0.011
 19  22 -108.253 -109.639    8.118    167.297  167.137   12.090    0.017
 19  23  -65.757  -66.043    7.946    148.800  149.326    5.552    0.026
 19  24  -70.653  -71.466    7.924    -48.058  -48.248    5.368    0.051
 19  25  -57.089  -57.758    4.470    -43.616  -43.241    3.474    0.098
 19  26 -159.080 -157.537    8.009    165.397  164.861   10.623    0.048
 19  27  -84.601  -85.177    7.801    103.325  104.990    6.899    0.014
 19  28  -91.792  -90.395    6.440    125.251  124.742    5.331    0.032
 19  29   38.799   52.038   21.828    116.078  169.669   59.176    0.001
 20   0  -61.424  -61.138    3.688    -22.993  -22.870    2.636    0.051
 20   1  -56.424  -56.129    3.477    -37.362  -37.578    2.427    0.067
 20   2  -71.438  -72.820   10.743    100.780  100.842    8.647    0.010
 20   3  -86.171  -89.400   10.019     11.730   10.935    8.723    0.017
 20   4 -117.840 -111.066   16.794    134.070  138.032   19.111    0.002
 20   5  -57.011  -56.417    5.002    -46.589  -46.896    4.220    0.040
 20   6  -84.375  -85.778    7.286    162.521  163.425    5.832    0.033
 20   7  -71.180  -70.682    3.652    141.812  141.703    3.550    0.052
 20   8  -55.457  -54.022    8.833    118.934  118.042    7.024    0.022
 20   9  -78.589  -79.561    8.564    -17.387  -17.706    5.847    0.024
 20  10  -62.615  -62.984    3.269    150.269  150.228    3.179    0.079
 20  11  -63.620  -63.248    5.310    -14.738  -13.815    4.396    0.040
 20  12   92.000   59.877   44.831    100.745   80.088   55.093    0.000
 20  13  -54.736  -53.909    4.048    -29.577  -29.061    3.414    0.055
 20  14  -73.417  -73.239    5.699    172.589  172.558    5.015    0.033
 20  15  -51.253  -49.935    6.204    130.404  131.109    4.190    0.045
 20  16  -78.243  -79.033    5.352    149.544  149.238    4.302    0.043
 20  17  -60.010  -60.729    3.145    136.763  136.270    3.545    0.066
 20  18  -54.503  -55.133    8.120    162.217  161.749    6.663    0.020
 20  19  -55.322  -54.509    4.167    143.971  144.148    3.321    0.061
 20  20  -43.953  -41.536   13.153    -58.091  -59.746    9.354    0.016
 20  21  -69.298  -69.376    3.692    158.994  159.017    3.560    0.067
 20  22  -74.790  -74.739    6.702     -4.445   -3.673    5.020    0.024
 20  23  -42.645  -44.105    7.009    -41.970  -41.910    4.968    0.029
 20  24  -82.560  -87.855   14.297   -165.583 -168.152   10.494    0.010
 20  25  -70.573  -67.094   24.802    -97.514  -98.625   17.622    0.003
 20  26  -78.025  -77.031    9.868     69.989   69.809    7.478    0.014
 20  27  -73.525  -74.177    6.668    127.467  126.995    5.407    0.032
 20  28  -66.207  -66.371    4.504    -31.666  -32.248    4.023    0.040
 20  29  -80.891  -78.719   11.898     46.497   47.017    8.221    0.009
