  1   0  161.250  160.795   16.728   -168.693 -168.460   18.339    0.060
  1   1   63.393   60.797   13.818   -126.404 -128.172   11.761    0.032
  1   2   65.925   63.478   10.730     37.956   37.014   10.219    0.051
  1   3   79.848   80.162   15.732   -156.373 -156.056   10.311    0.034
  1   4 -102.644 -106.820   18.769   -149.982 -147.722   20.408    0.034
  1   5  -63.988  -63.711    7.231    -34.551  -34.268    6.077    0.082
  1   6  105.449  107.731   15.708    -15.296  -14.689   12.469    0.071
  1   7   86.234   86.498    8.397      0.398   -0.756    7.713    0.113
  1   8  -85.181  -83.741   15.368    173.145  173.744   10.668    0.062
  1   9   79.322   78.439    9.923     18.210   17.809    6.786    0.092
  1  10  -84.905  -84.848   22.974    138.923  138.712   11.997    0.053
  1  11  108.380  111.965   17.807    150.470  149.658   14.603    0.029
  1  12   90.780   92.425   14.312    177.921  177.854   10.576    0.038
  1  13 -158.894 -155.069   16.319    168.883  166.677   18.398    0.073
  1  14  -62.206  -60.984   12.458    -48.873  -49.849    9.477    0.075
  1  15  -77.164  -78.086   11.593    -12.056  -11.282   10.158    0.044
  1  16 -105.584 -107.161   19.476     12.817   11.820   15.284    0.029
  1  17   85.180   92.088   31.523     85.527   89.446   19.521    0.007
  1  18  -96.630  -98.698   28.227     70.810   71.552   19.940    0.011
  1  19   89.613   97.697   23.505    -60.732  -61.302   18.247    0.011
  2   0  -66.891  -64.982   11.801    134.157  135.106    8.890    0.078
  2   1  -65.596  -65.570    3.853    -44.488  -44.492    3.501    0.138
  2   2  -76.769  -77.540   11.503    156.776  157.108   10.634    0.068
  2   3  148.694  141.677   43.342    134.167  137.128   22.189    0.001
  2   4 -143.100 -141.426   14.286     76.525   79.427   20.385    0.012
  2   5  -74.319  -74.672    7.362    -15.079  -14.302    6.157    0.051
  2   6  -54.495  -53.896    6.142    -47.234  -46.550    3.790    0.082
  2   7   60.344   57.758   13.007     38.047   37.693   23.066    0.013
  2   8 -103.672 -108.011   20.265     39.222   35.751   14.518    0.011
  2   9 -151.633 -151.869   12.283    154.357  155.223   14.083    0.098
  2  10  -90.725  -92.547   10.472      3.219    2.523    8.386    0.033
  2  11 -111.518 -115.266   21.089    -27.490  -26.468   15.778    0.013
  2  12  -73.290  -73.977    6.192    -33.872  -34.502    4.868    0.063
  2  13  -60.380  -60.596    3.568    -38.230  -38.293    2.764    0.145
  2  14  -61.258  -61.028    4.996    -27.063  -26.388    4.577    0.070
  2  15  -90.050  -90.343   13.510     92.893   95.399   15.840    0.019
  2  16   76.110   62.136   25.216    -96.157 -104.894   44.050    0.003
  2  17  -57.755  -56.214   10.455    -58.725  -60.128    8.353    0.022
  2  18 -114.960 -115.767   12.148    137.005  137.172   13.098    0.077
  2  19 -112.310 -121.325   26.654   -103.408 -110.506   26.212    0.003
  3   0  -90.074  -91.478   10.873    -12.219  -10.875   10.623    0.023
  3   1   71.963   67.178   24.902    -69.604  -68.531   38.797    0.001
  3   2  -63.124  -63.558    5.218    -38.333  -38.489    3.210    0.106
  3   3 -146.654 -145.264    9.025    148.019  147.832    9.179    0.051
  3   4 -115.386 -114.600   13.703    -49.907  -49.093   15.570    0.015
  3   5 -118.118 -118.208   12.430      8.800    7.666   15.123    0.023
  3   6  -66.214  -65.812    9.536    131.192  130.809    7.904    0.051
  3   7  -61.051  -60.399    5.861    -46.697  -46.327    2.641    0.118
  3   8  -86.168  -87.783   10.168    100.132  100.034   11.172    0.021
  3   9   95.464   59.706   20.477     61.770   74.752   37.838    0.003
  3  10  -66.249  -66.183    6.591    -25.322  -24.050    6.426    0.042
  3  11  -90.777  -90.861    6.885    122.804  124.196    6.821    0.069
  3  12 -126.196 -127.410    8.946    162.150  162.187   10.235    0.069
  3  13  -77.113  -78.741   10.681    153.938  153.719   10.959    0.024
  3  14 -108.848 -109.284    6.631    136.768  136.678    6.901    0.083
  3  15  -61.979  -60.317   10.112    -56.904  -57.632    7.655    0.023
  3  16 -125.207 -126.939   12.327     82.826   87.240   13.659    0.013
  3  17 -114.524 -115.060    7.194    117.216  116.689    6.783    0.096
  3  18  -80.430  -80.020    7.038    -41.723  -42.370    7.030    0.039
  3  19 -128.825 -129.406    6.497    130.858  130.971    7.473    0.127
  4   0 -115.547 -116.902   10.998    151.867  152.830   11.634    0.077
  4   1  -58.110  -57.894    4.338    -40.902  -40.495    3.504    0.107
  4   2 -111.142 -112.441   15.051     28.051   27.581   15.343    0.017
  4   3  -78.939  -80.561   10.545    156.022  155.124   10.472    0.052
  4   4  -64.370  -63.856    5.193    -28.682  -28.302    3.969    0.064
  4   5  -65.780  -74.024   25.497    -84.608  -88.906   20.403    0.002
  4   6  -54.080  -52.632    8.087    -54.369  -53.374    5.500    0.040
  4   7 -123.836 -121.715   14.050    -24.614  -22.502   15.205    0.009
  4   8 -108.468 -108.824   10.295    123.944  123.896    8.650    0.116
  4   9  138.640   81.661   46.236   -116.314 -126.579   43.176    0.001
  4  10  -92.926  -94.560   11.191    -48.913  -49.017    9.714    0.016
  4  11  -64.161  -64.455    3.641    -46.979  -47.013    3.481    0.103
  4  12  -71.068  -70.197   11.910    131.715  130.914    9.085    0.081
  4  13 -145.081 -143.052   11.715    133.218  134.931   16.743    0.055
  4  14  -92.685  -93.974    8.923      0.069    0.286    7.735    0.043
  4  15  -68.808  -69.124    4.151    -37.625  -37.928    3.244    0.109
  4  16  -88.820  -89.097    7.324    -25.161  -24.915    6.580    0.028
  4  17  -71.625  -72.205    6.290    -14.612  -13.431    6.622    0.037
  4  18   64.069   59.925   14.034     33.705   36.840   31.520    0.009
  4  19  -95.742  -98.124   16.432     93.903   93.636   13.920    0.033
  5   0 -105.765 -106.373    7.834    132.075  132.415    8.399    0.127
  5   1  -59.696  -59.618    3.735    -41.134  -41.368    2.442    0.080
  5   2 -108.973 -112.998   11.949    -16.176  -15.234    9.950    0.015
  5   3  -61.410  -61.073    3.086    -48.902  -48.777    2.731    0.079
  5   4  -47.760  -48.183    7.201    -53.558  -52.383    7.399    0.018
  5   5  -96.938  -97.569    9.762    -48.596  -47.266    7.438    0.019
  5   6   73.877   65.477   22.276    -70.046  -65.366   40.897    0.001
  5   7  -68.212  -67.883    6.116    -20.138  -18.895    5.934    0.025
  5   8  -68.567  -68.618    3.456    -43.570  -43.500    3.341    0.088
  5   9  -60.922  -60.598    5.323    -31.848  -31.558    3.821    0.043
  5  10  -68.529  -69.591    7.214    -61.542  -59.944    7.750    0.010
  5  11 -113.684 -115.710   12.799     18.279   19.646   15.089    0.017
  5  12  -74.843  -75.644    5.708    -34.467  -34.560    4.541    0.036
  5  13  -95.691  -96.321   10.537    109.687  109.676   10.588    0.086
  5  14  -86.153  -86.751    8.487     -4.681   -3.631    9.287    0.015
  5  15 -125.953 -126.131    8.547    121.392  122.035   10.748    0.154
  5  16  -72.946  -72.373   11.111    134.809  134.326   12.404    0.086
  5  17 -119.738 -120.031   15.253    -75.193  -69.075   18.691    0.004
  5  18 -133.130 -133.611   12.957    155.247  154.038   11.774    0.095
  5  19  103.241   57.965   23.319     89.250   77.194   32.946    0.002
  6   0  -72.352  -71.291    9.350    150.464  151.201    7.612    0.079
  6   1  -89.510  -90.283    8.739      0.714    1.615    8.629    0.047
  6   2  -94.879  -96.817   10.564    -21.933  -21.652    8.532    0.034
  6   3  129.113   73.638   33.934   -152.073 -145.849   37.484    0.005
  6   4  -57.159  -58.071   37.359    -85.145  -88.353   17.863    0.004
  6   5  -91.183  -92.047   17.373     78.706   78.336   16.833    0.013
  6   6 -138.956 -138.413   22.771    -44.439  -47.107   26.502    0.010
  6   7 -117.779 -122.226   16.025     19.516   18.292   15.894    0.029
  6   8  -73.179  -73.809    7.289    -43.785  -43.528    6.852    0.044
  6   9 -138.982 -140.061   13.379    111.930  113.930   17.372    0.039
  6  10  -84.165  -86.280   11.675    170.750  170.249   11.260    0.058
  6  11  -71.181  -71.276    6.521    -14.619  -13.559    5.825    0.069
  6  12 -103.371 -103.464   10.598    128.432  129.590   11.140    0.061
  6  13 -157.771 -156.982    9.692    160.881  161.803   14.582    0.100
  6  14  -61.295  -60.763    4.930    -38.345  -38.575    3.879    0.104
  6  15  -56.026  -54.579    8.840    -50.011  -49.591    5.562    0.056
  6  16  -65.812  -64.782    6.344    -27.431  -26.756    4.272    0.081
  6  17 -128.579 -128.908    9.772    155.604  154.870   12.151    0.097
  6  18  -61.518  -60.982   12.337    128.424  129.910    9.998    0.045
  6  19   64.283   58.310   14.941     36.736   36.542   30.051    0.027
  7   0 -123.611 -123.092   10.764     -5.420   -6.233   10.645    0.033
  7   1 -149.845 -148.841    9.351    155.369  158.583   16.250    0.082
  7   2 -115.142 -116.087   13.678     25.121   24.629   13.176    0.026
  7   3 -128.064 -123.505   17.889    -75.645  -76.534   22.094    0.007
  7   4  -60.799  -60.054    6.336    -46.062  -45.698    3.705    0.118
  7   5  -81.903  -81.405   10.318    160.872  161.233    9.324    0.072
  7   6   52.143   58.675   26.106    -81.706  -81.066   35.200    0.002
  7   7  -70.991  -71.412    7.690    -19.676  -18.125    6.994    0.056
  7   8  -65.482  -65.447    5.780    -35.761  -35.773    4.530    0.089
  7   9  -86.369  -86.285    8.820    -44.431  -43.622    8.200    0.021
  7  10 -126.000 -126.633    8.078    153.376  153.488   10.447    0.111
  7  11 -106.629 -111.748   13.450    178.989  177.875   11.589    0.041
  7  12  124.261   90.866   36.242    122.684  133.426   29.080    0.002
  7  13 -101.695 -103.120    9.439    -22.609  -22.856    8.025    0.036
  7  14  -58.756  -54.444   12.599    -62.478  -61.408    9.285    0.014
  7  15   65.051   59.834   18.092     26.286   30.470   32.681    0.004
  7  16  -91.246  -91.582    8.864     -0.584    0.241    8.292    0.048
  7  17  -69.895  -69.222   13.432    131.185  131.078    9.918    0.075
  7  18 -113.200 -115.943   12.688    126.654  126.741    8.407    0.142
  7  19 -101.085 -105.389   20.286     93.919   93.974   14.831    0.024
  8   0 -137.997 -136.334   14.193     18.283   18.783   17.878    0.018
  8   1  -72.109  -71.596   10.780    150.513  151.293    8.496    0.056
  8   2  -96.279  -97.212    8.976      5.377    5.274    7.198    0.063
  8   3  -64.054  -64.102    6.661    -34.288  -34.349    3.194    0.103
  8   4  -67.566  -67.512    6.892    -21.924  -21.280    5.436    0.058
  8   5  -65.372  -63.281   11.732    127.710  126.791    9.405    0.063
  8   6  -63.725  -63.719    5.502    -43.494  -43.782    3.596    0.128
  8   7  -79.151  -79.089    6.949     -7.284   -6.115    7.158    0.055
  8   8   60.446   57.588   11.685     41.194   39.517   23.814    0.052
  8   9 -137.570 -138.287   15.244     98.635   98.654   16.041    0.049
  8  10  138.882   76.299   39.546   -110.701 -119.741   38.897    0.005
  8  11 -109.947 -111.716   11.913    133.522  134.616   11.816    0.047
  8  12  -91.354  -92.393   10.460    108.292  108.342    7.967    0.074
  8  13 -103.965 -105.373   10.967     28.795   28.257   10.629    0.027
  8  14 -152.918 -152.311   13.859    166.387  168.123   17.119    0.046
  8  15  -93.152  -99.494   21.181    -68.015  -68.687   17.112    0.009
  8  16  -91.480  -92.857   14.034    178.546  179.353   12.952    0.037
  8  17  -52.927  -51.749    9.877    -53.269  -52.063    9.182    0.043
  8  18  -96.181  -96.347   11.400    -27.910  -28.361    9.030    0.035
  8  19  -86.496  -86.192   11.614     78.775   77.699   11.113    0.032
  9   0   62.390   57.717   13.848     42.027   41.759   29.225    0.020
  9   1 -115.754 -118.060   17.768    -38.227  -35.777   15.849    0.015
  9   2  -61.309  -61.175    4.790    -38.049  -37.919    2.780    0.148
  9   3  -67.337  -66.267   12.336    131.509  132.068    9.238    0.069
  9   4 -152.310 -150.459   11.812    139.720  142.605   16.842    0.052
  9   5  -84.634  -86.626    7.318    -24.095  -23.692    6.733    0.034
  9   6  -90.643  -91.872   14.943     92.099   92.297   15.408    0.021
  9   7 -121.141 -125.917   19.065     40.899   44.338   20.869    0.012
  9   8  -63.832  -63.571    5.568    -27.246  -26.432    4.538    0.086
  9   9  -78.660  -79.609   11.592    155.329  155.239   10.616    0.054
  9  10  -97.701  -98.709   11.812      5.138    4.299   10.418    0.041
  9  11  134.065   80.084   40.987   -109.821 -113.191   43.924    0.003
  9  12  -74.284  -73.580    5.260    -39.000  -39.202    4.801    0.084
  9  13  -44.824  -44.808   10.495    -53.814  -52.733    9.936    0.029
  9  14  -87.290  -97.109   26.590   -108.995 -115.146   23.132    0.002
  9  15 -110.685 -111.524   12.858    125.112  124.641   10.667    0.069
  9  16  -73.198  -72.815    6.850    -11.342  -10.015    7.004    0.048
  9  17  -61.110  -60.875    4.157    -46.061  -46.004    2.800    0.136
  9  18  -66.151  -66.443    8.190    -58.234  -58.397    6.793    0.022
  9  19 -122.717 -124.266   11.492    153.821  155.068   12.117    0.055
 10   0  -96.653  -96.675   10.614    109.425  110.735   10.000    0.076
 10   1  -66.501  -66.403    6.872    -31.283  -31.501    5.116    0.101
 10   2   65.846   65.542    9.217     20.111   18.616   14.777    0.043
 10   3 -115.513 -117.931   12.447      3.791    4.574    9.766    0.041
 10   4 -101.878 -103.479    9.156     25.475   24.677    8.702    0.042
 10   5  -62.866  -61.278    7.597    -44.469  -44.492    5.486    0.130
 10   6  -68.210  -75.749   29.537    -85.430  -84.735   17.710    0.005
 10   7  -89.841  -90.508    7.548      3.588    3.329    7.247    0.061
 10   8  106.544   65.884   25.110   -118.280 -127.904   35.964    0.004
 10   9  -75.324  -74.852    8.160    -13.944  -13.287    6.894    0.056
 10  10  -88.276  -87.462   11.754     72.014   73.215   12.078    0.028
 10  11   54.254   52.984    8.835     48.894   49.030   12.663    0.077
 10  12 -156.478 -153.698   12.356    165.002  168.583   16.818    0.049
 10  13 -139.428 -138.354   14.332     42.223   44.948   16.921    0.025
 10  14  -62.459  -62.412   11.776    125.369  125.720   10.900    0.045
 10  15  -93.224  -93.882   14.708    175.533  177.574   12.587    0.035
 10  16 -136.383 -138.269   14.681     99.084   99.197   15.029    0.050
 10  17 -104.943 -107.611   17.330    -32.414  -34.643   15.468    0.024
 10  18  -79.253  -78.578   11.265    147.211  147.566    9.621    0.052
 10  19 -121.627 -121.750   11.993    144.003  142.432   11.746    0.057
 11   0  -82.939  -89.929   21.056    -70.883  -77.005   21.078    0.007
 11   1   60.515   57.410   11.994     37.979   38.904   21.870    0.027
 11   2  -95.177  -96.593   14.178    160.230  160.398   12.773    0.061
 11   3   41.047   57.281   23.444   -107.432 -109.602   36.686    0.003
 11   4  -53.568  -53.649    5.996    -36.675  -37.243    4.995    0.049
 11   5 -121.798 -122.429   17.268    -26.007  -27.451   16.618    0.015
 11   6  -57.268  -55.183    7.165    -52.528  -52.829    6.239    0.053
 11   7  -66.543  -66.981    3.579    -36.779  -36.915    2.820    0.119
 11   8  -96.077  -96.589    9.375      3.916    4.295    8.035    0.042
 11   9 -117.038 -119.709   15.796     28.447   28.563   14.889    0.019
 11  10 -144.103 -142.585   12.534    147.702  148.350   15.735    0.109
 11  11  155.066  151.548   45.176    129.161  125.180   25.978    0.002
 11  12  -82.951  -83.112    7.451    -38.464  -38.668    6.486    0.032
 11  13 -103.147 -106.058   21.991     86.239   86.491   14.081    0.030
 11  14  -89.031  -89.811    7.155    -18.698  -18.141    6.411    0.029
 11  15 -108.271 -110.972   13.193    125.195  125.878   10.644    0.091
 11  16  -72.482  -72.997    6.402    -10.093   -9.692    6.728    0.036
 11  17  -63.099  -63.247    3.688    -44.065  -44.130    2.864    0.130
 11  18  -68.984  -68.622   11.694    135.472  135.373   12.285    0.085
 11  19  -65.306  -65.563    5.402    -26.073  -25.318    4.108    0.061
 12   0  -97.599  -99.713   19.166     90.013   90.258   15.154    0.028
 12   1  -90.809  -96.000   22.121    -87.028  -96.071   24.260    0.004
 12   2  -67.183  -66.378    5.873    -20.565  -20.070    4.763    0.049
 12   3 -112.622 -115.310   18.666    -44.404  -43.010   11.752    0.015
 12   4  138.010   79.314   44.417   -156.891 -142.914   37.457    0.003
 12   5 -102.884 -104.696   11.022    -11.813  -11.574    8.116    0.032
 12   6  -63.764  -63.664    5.229    -48.876  -49.019    3.651    0.077
 12   7  -64.354  -64.598    3.858    -40.845  -40.637    2.492    0.134
 12   8  -77.211  -79.398    7.170     -7.103   -6.652    7.483    0.036
 12   9 -143.298 -142.502   13.522    148.070  148.551   15.621    0.096
 12  10   62.553   58.354   12.507     37.875   36.565   25.888    0.032
 12  11 -111.527 -113.537   12.272    129.018  128.555   11.365    0.095
 12  12  -80.135  -80.970    6.470    -33.280  -34.085    7.127    0.048
 12  13 -141.377 -138.244   17.045     31.631   36.360   24.295    0.011
 12  14  -99.233 -100.214   11.433     13.474   13.676   10.625    0.030
 12  15  -50.701  -51.245    6.450    -43.865  -43.382    4.848    0.053
 12  16  -53.001  -49.229   14.725    -58.866  -60.533   10.076    0.022
 12  17  -61.598  -61.353    4.905    -32.263  -31.918    3.506    0.076
 12  18  -90.575  -91.798   14.331    158.726  158.986   12.047    0.063
 12  19  -69.290  -68.421   12.462    132.211  133.489   11.180    0.095
 13   0  -89.755  -90.715    8.801      5.811    5.458    9.137    0.031
 13   1  139.928   91.790   49.929   -165.055 -167.561   34.081    0.002
 13   2  -73.678  -74.115    7.374    -14.869  -13.623    6.048    0.046
 13   3  -59.580  -59.368   13.984    -64.560  -66.216   11.834    0.014
 13   4 -119.751 -121.526   15.374     27.814   26.056   13.369    0.020
 13   5 -108.169 -110.373   11.200    -10.015  -11.004   10.499    0.029
 13   6 -128.972 -127.495   21.346    -53.435  -53.536   23.175    0.008
 13   7 -108.767 -114.292   22.355     80.827   82.137   14.128    0.024
 13   8   76.384   70.285   17.383    -35.226  -42.866   43.655    0.004
 13   9  -69.521  -66.635   11.604    139.046  139.551   10.230    0.081
 13  10  -62.256  -62.081    4.393    -37.971  -37.989    2.816    0.132
 13  11  -55.142  -54.319    6.206    -48.605  -47.569    4.446    0.089
 13  12  -87.101  -90.271   10.611    116.426  119.079   10.582    0.049
 13  13  -63.476  -63.298    5.741    -27.460  -27.037    4.458    0.066
 13  14  -66.595  -66.838    4.263    -44.918  -44.973    3.877    0.099
 13  15 -148.615 -147.322   12.498    153.500  154.942   14.040    0.087
 13  16   58.836   57.145   10.874     40.800   41.033   20.033    0.024
 13  17  -81.968  -83.292    8.331    -33.482  -34.341    7.261    0.042
 13  18 -121.996 -122.842   11.109    134.828  133.539   12.205    0.105
 13  19  -91.690  -93.621   13.830    162.729  161.945   13.996    0.047
 14   0  -66.628  -66.521    7.145    -26.489  -25.429    6.040    0.068
 14   1 -111.198 -113.860   18.981    -38.953  -38.854   16.991    0.025
 14   2 -103.115 -110.360   19.576   -139.055 -137.487   18.545    0.003
 14   3   63.753   59.553   13.016     36.025   34.771   26.132    0.022
 14   4  -69.390  -69.345   10.232    147.944  147.858    7.850    0.054
 14   5 -130.372 -132.293   10.275    121.256  120.304   11.874    0.087
 14   6  -82.338  -83.605    8.883     -9.783   -8.587    9.386    0.051
 14   7 -160.306 -158.294    8.949    142.334  147.598   14.723    0.053
 14   8 -129.443 -131.676    8.921    158.448  157.941    9.779    0.076
 14   9  -91.064  -90.971   10.287    168.119  167.479    9.438    0.033
 14  10  -68.350  -67.212   12.855    124.408  125.041    8.221    0.057
 14  11 -101.409 -101.180    8.622    120.880  120.482    8.780    0.072
 14  12  -87.612  -90.967   11.422     85.102   85.638   14.367    0.017
 14  13  118.337   64.148   23.936    174.962  213.131   39.828    0.003
 14  14 -107.194 -107.616    8.685    145.837  144.801    7.279    0.068
 14  15 -150.432 -154.964   11.885   -167.820 -180.895    9.095    0.029
 14  16 -129.403 -135.045   15.649     61.037   65.581   17.102    0.023
 14  17  -58.499  -57.250    9.047    -51.859  -50.699    6.982    0.073
 14  18 -109.974 -111.885   14.186     10.498   10.038   12.851    0.045
 14  19  -64.881  -64.880    5.957    -40.250  -40.554    3.907    0.141
 15   0  -55.094  -53.422    7.495    -52.568  -51.220    6.361    0.053
 15   1 -110.713 -111.676   13.812     11.462   12.136   13.865    0.035
 15   2  150.409  158.011   54.468    -67.601  -58.538   26.266    0.001
 15   3 -153.803 -152.009   10.004    155.992  155.516   12.967    0.063
 15   4   60.160   60.831   10.870     27.035   26.628   18.138    0.012
 15   5  -69.290  -66.561   10.467    135.363  133.839    9.272    0.064
 15   6  -79.162  -87.217   18.739    -69.682  -75.371   22.137    0.006
 15   7  -94.251  -96.479   13.676    -35.284  -34.749   10.272    0.028
 15   8  -63.161  -63.255    4.762    -44.459  -44.580    2.991    0.151
 15   9  -82.843  -83.925    8.783     -6.181   -5.244    8.425    0.051
 15  10  -67.923  -67.838    6.590    -24.985  -23.918    5.680    0.081
 15  11 -127.240 -128.850   10.396    130.642  130.113    8.935    0.082
 15  12   54.436   54.975   17.919     73.006   71.852   23.066    0.004
 15  13  -96.832  -98.556    9.095    123.721  123.726   11.321    0.071
 15  14  -64.501  -64.664    5.633    -36.632  -36.419    2.912    0.156
 15  15  -87.964  -86.184   11.780     75.572   77.112   15.338    0.016
 15  16  -78.182  -80.562   10.719    157.385  157.604   10.317    0.045
 15  17 -132.964 -133.012   15.836     85.367   85.270   17.338    0.016
 15  18 -120.528 -120.287   10.171    155.989  156.218   10.265    0.062
 15  19   66.702   59.003   24.463   -152.285 -153.941   35.264    0.002
 16   0   57.219   54.482   11.346     50.792   47.681   19.363    0.032
 16   1 -122.932 -125.501   11.899    116.280  116.508   10.372    0.072
 16   2   47.554   59.318   18.573   -102.369 -109.861   43.584    0.003
 16   3   87.514   72.091   14.348     16.279   10.653   16.523    0.011
 16   4 -110.309 -115.362   12.814     26.910   25.019    9.779    0.036
 16   5  -86.223  -86.728   11.843    162.985  163.183   12.066    0.037
 16   6  -92.904  -94.340    8.043      5.623    4.763    8.038    0.043
 16   7 -137.233 -137.787   10.895    162.094  161.836   12.524    0.076
 16   8 -161.436 -158.744   10.780    145.818  147.280   14.970    0.055
 16   9 -110.510 -111.778    9.927    140.482  140.990    8.682    0.066
 16  10  -61.307  -59.304    8.795    -51.199  -51.492    6.107    0.086
 16  11 -118.886 -119.046   13.485     -9.571  -10.427   12.537    0.035
 16  12 -134.950 -135.985   12.675     68.748   71.016   14.786    0.027
 16  13  -76.722  -77.281    9.588    -12.826  -12.510    6.675    0.052
 16  14  -89.042  -90.013   12.359     82.740   81.881   13.217    0.021
 16  15  -66.796  -64.551   10.838    138.662  138.186    9.373    0.074
 16  16 -115.013 -113.187   16.116    -62.802  -59.975   20.446    0.013
 16  17  -84.172  -87.450    9.977    117.267  117.913    9.009    0.040
 16  18  -70.897  -71.054    9.156    -28.836  -29.479    6.088    0.079
 16  19  -63.213  -62.750    6.298    -40.807  -40.261    4.179    0.142
 17   0 -133.908 -134.603    8.576    139.728  137.605   11.394    0.087
 17   1  -85.164  -87.707   10.870    -42.889  -44.189   11.019    0.026
 17   2 -116.491 -119.695   18.148     86.851   85.915   14.716    0.038
 17   3 -114.133 -115.145   13.843     26.427   25.476   12.977    0.031
 17   4  -69.520  -67.964   11.743    138.020  137.292    8.227    0.068
 17   5 -108.109 -108.827    9.202    126.835  125.943    8.619    0.086
 17   6  -96.686  -97.915    9.754     -0.263    0.295    9.283    0.051
 17   7  -65.039  -64.891    5.949    -32.543  -32.210    4.762    0.073
 17   8  -75.794  -75.707    7.960    -19.131  -16.869    7.736    0.043
 17   9  -58.840  -60.634   20.900    -70.471  -71.668   14.321    0.006
 17  10  -57.976  -56.473    6.640    -51.536  -51.040    3.871    0.088
 17  11   53.830   55.088    9.316     49.104   46.643   17.175    0.011
 17  12   73.987   69.655   10.936      8.212    5.872   22.706    0.006
 17  13  -62.247  -62.690    4.921    -43.379  -43.486    3.289    0.129
 17  14  -83.664  -85.316    9.611    113.150  112.023   12.151    0.038
 17  15  128.190   70.558   27.769   -174.385 -157.154   42.325    0.001
 17  16 -112.164 -113.921    9.363    151.882  154.126   10.176    0.075
 17  17 -128.042 -125.937   14.013    -25.354  -25.684   19.677    0.018
 17  18 -154.357 -153.145   10.881    158.310  161.059   11.368    0.090
 17  19  -82.607  -84.152   10.064    162.471  160.715   13.020    0.033
 18   0 -111.282 -112.875   12.457     20.641   21.375   11.104    0.035
 18   1 -126.781 -126.253    9.143    156.567  156.720   11.008    0.117
 18   2 -117.560 -117.651   12.103    -10.939  -10.564   10.153    0.028
 18   3   58.193   56.060    9.959     39.892   41.209   18.431    0.016
 18   4 -114.140 -112.758   15.555    -52.442  -54.198   19.636    0.013
 18   5   64.528   61.197   21.662   -150.925 -147.714   39.507    0.002
 18   6  -52.326  -49.111   12.033    -63.390  -61.010    9.771    0.014
 18   7  -58.473  -58.263    5.189    -43.032  -42.889    3.196    0.089
 18   8   89.044   76.975   17.072     -3.462  -10.088   24.483    0.004
 18   9  -92.962  -94.353    9.430    119.401  120.239   10.763    0.061
 18  10  -91.482  -92.587    8.117      0.271    0.712    8.160    0.038
 18  11  -65.990  -64.376   10.071    135.226  135.354   10.104    0.063
 18  12  -62.686  -62.322    5.053    -31.170  -30.154    5.288    0.051
 18  13  -72.518  -72.849    6.344    -39.160  -40.246    5.217    0.058
 18  14 -122.818 -123.333   10.705    127.462  128.047    9.939    0.113
 18  15  -76.617  -77.037    8.574    -19.501  -18.432    7.456    0.039
 18  16  -88.443  -90.207   10.849    154.517  153.814   11.690    0.062
 18  17  -61.183  -61.683    4.803    -50.571  -50.609    3.352    0.084
 18  18 -112.906 -115.826   20.181     82.152   80.508   13.669    0.031
 18  19 -154.692 -154.807    9.604    151.365  155.243   14.146    0.083
 19   0  -96.242  -96.296    8.243    136.778  137.132    7.093    0.065
 19   1  -83.434  -85.739    8.535     -3.268   -3.745    7.562    0.037
 19   2  -89.299  -90.819   11.485    165.672  164.948   11.635    0.025
 19   3 -161.866 -160.385    8.572    149.544  152.166   13.793    0.038
 19   4 -100.524 -103.127   20.673     84.289   79.063   13.218    0.022
 19   5 -113.189 -112.889   14.372    -22.989  -24.613   14.366    0.025
 19   6  150.561  114.880   57.725    -43.649  -65.973   37.701    0.001
 19   7  -67.864  -69.054   10.568    144.495  144.944    8.045    0.054
 19   8 -121.161 -121.138    7.641    146.643  145.879    8.395    0.090
 19   9 -141.938 -143.329    8.781    158.835  162.609   11.448    0.063
 19  10 -103.427 -110.140   20.429    -90.500  -81.499   22.782    0.004
 19  11   63.875   61.841   10.675     45.146   33.464   27.946    0.013
 19  12  -61.578  -63.120   10.272    127.007  127.330    7.471    0.034
 19  13  -64.103  -63.342    6.782    -32.687  -32.281    4.141    0.099
 19  14  -57.495  -54.960   10.946    -51.900  -52.050    8.685    0.085
 19  15  -63.519  -64.552    6.625    -43.068  -43.464    3.580    0.151
 19  16 -107.682 -110.934   13.147     17.703   17.444   12.640    0.034
 19  17  -71.366  -71.811    7.894    -19.089  -19.863    6.496    0.057
 19  18  -92.106  -92.023    9.669    113.657  114.605    7.472    0.040
 19  19 -126.871 -128.580   12.005    118.633  119.274   11.875    0.064
 20   0  -60.694  -60.263    6.033    -26.854  -26.344    4.551    0.113
 20   1  -49.641  -47.256   11.096    -50.359  -50.091    7.320    0.056
 20   2  -70.756  -71.294   11.490    100.339   99.827    8.903    0.011
 20   3  -83.429  -84.638   14.614     33.928   32.356   10.232    0.009
 20   4 -115.336 -110.837   22.796    133.073  137.618   20.521    0.003
 20   5  -65.305  -59.838   27.230    -93.603  -93.346   16.707    0.004
 20   6  -79.417  -81.696    8.791    173.414  172.601    5.734    0.037
 20   7  -72.971  -72.465    5.343    140.636  140.613    4.307    0.065
 20   8  -76.482  -76.860   10.263     65.426   65.495    9.046    0.017
 20   9  -68.606  -68.519    7.339    -14.453  -14.649    6.063    0.072
 20  10  -62.834  -62.890    5.233    153.916  154.109    3.874    0.085
 20  11  -82.244  -84.521   10.400      1.369    0.472    8.515    0.031
 20  12  -46.717  -46.475   11.818    123.694  123.227    9.010    0.030
 20  13  -56.270  -55.673    5.853    -37.555  -37.563    4.122    0.124
 20  14  -81.011  -85.234   17.096   -162.245 -164.474   10.978    0.008
 20  15  -69.839  -70.012    6.953    124.978  125.004    5.278    0.036
 20  16  -78.690  -79.489    6.227    152.990  153.508    4.676    0.061
 20  17  -56.281  -55.998    4.791    135.568  135.325    3.738    0.088
 20  18  -69.277  -68.926    5.136    163.519  163.962    4.835    0.058
 20  19  -59.175  -58.641    4.905    145.283  145.244    3.067    0.092
