       -0.6881909383       -0.5000000584       -0.5257310854
       -0.7946544325       -0.5773503337       -0.1875924442
       -0.5653316897       -0.7537427649       -0.3350700300
       -0.5877851721       -0.8090170526       -0.0000000019
       -0.5421547068       -0.7705818262        0.3350700269
       -0.8013847358       -0.5822402017        0.1370359541
       -0.7236067711       -0.5257312074        0.4472135267
       -0.7313360917       -0.1883416506       -0.6554959524
       -0.5257311449       -0.0000000151       -0.8506507881
       -0.9905660739       -0.0000000277       -0.1370359559
       -0.8915490251       -0.3047431868       -0.3350700315
       -0.9510564962       -0.3090170563       -0.0000000019
       -0.9822469528       -0.0000000525        0.1875924407
       -0.9004018319       -0.2774970578        0.3350700285
       -0.6070620360       -0.0000000525        0.7946544434
       -0.7023677453       -0.2774970584        0.6554959442
       -0.8506508298       -0.0000000562        0.5257310774
       -0.7313361108        0.1883416337       -0.6554959360
       -0.6881909996        0.4999999906       -0.5257310695
       -0.8915490472        0.3047431321       -0.3350700223
       -0.8944272254        0.0000000000       -0.4472135267
       -0.9004018713        0.2774969338        0.3350700253
       -0.9510565311        0.3090169489        0.0000000019
       -0.7023677933        0.2774969370        0.6554959442
       -0.7946545025        0.5773502396       -0.1875924371
       -0.5653318003        0.7537426847       -0.3350700239
       -0.5421548400        0.7705817326        0.3350700269
       -0.8013848198        0.5822400853        0.1370359576
       -0.7236068619        0.5257310823        0.4472135267
       -0.5877852905        0.8090169666        0.0000000019
       -0.4051187579       -0.6373412338       -0.6554959524
       -0.0468716467       -0.7537427385       -0.6554959442
       -0.1624598013       -0.5000000371       -0.8506507955
       -0.2763931100       -0.8506508745       -0.4472135267
       -0.3061016369       -0.9420843565       -0.1370359559
       -0.0143240338       -0.9420843376        0.3350700269
       -0.3035308881       -0.9341724018        0.1875924407
       -0.1875924159       -0.5773503278        0.7946544434
       -0.4809588345       -0.5822402139        0.6554959442
       -0.2628654648       -0.8090170466        0.5257310774
       -0.4911234725       -0.3568221346       -0.7946544526
       -0.2592300077       -0.1883416491       -0.9472735752
       -0.0990170218       -0.3047431832        0.9472735728
       -0.3204259326       -0.0000000277        0.9472735728
       -0.4253253986       -0.3090170577        0.8506507881
       -0.2592300356        0.1883416351       -0.9472735704
       -0.4911235228        0.3568221063       -0.7946544342
       -0.4253254520        0.3090169842        0.8506507881
       -0.0990170744        0.3047431661        0.9472735728
       -0.0468717769        0.7537427304       -0.6554959442
       -0.4051188579        0.6373411872       -0.6554959360
       -0.1624598806        0.5000000364       -0.8506507807
       -0.3061017997        0.9420843036       -0.1370359559
       -0.2763932570        0.8506508268       -0.4472135267
       -0.3035310495        0.9341723493        0.1875924407
       -0.0143241966        0.9420843351        0.3350700269
       -0.0000000432        1.0000000000       -0.0000000000
       -0.4809589351        0.5822401307        0.6554959442
       -0.2628656046        0.8090170011        0.5257310774
       -0.1875925157        0.5773502954        0.7946544434
        0.1875925656       -0.5773502792       -0.7946544434
        0.4809589854       -0.5822400892       -0.6554959442
        0.2628656745       -0.8090169784       -0.5257310774
        0.3035311302       -0.9341723231       -0.1875924407
        0.0143242780       -0.9420843339       -0.3350700269
        0.2763933305       -0.8506508029        0.4472135267
        0.3061018811       -0.9420842771        0.1370359559
        0.0000001296       -1.0000000000       -0.0000000000
        0.4051189079       -0.6373411638        0.6554959278
        0.1624599203       -0.5000000361        0.8506507734
        0.0468718421       -0.7537427264        0.6554959442
        0.0990171008       -0.3047431575       -0.9472735728
        0.4253254891       -0.3090169738       -0.8506507734
        0.4911235479       -0.3568220922        0.7946544250
        0.2592300496       -0.1883416282        0.9472735679
        0.0990170481        0.3047431746       -0.9472735728
        0.3204259470        0.0000000277       -0.9472735679
        0.0000000000        0.0000000000       -1.0000000000
        0.4253254357        0.3090170473       -0.8506507734
        0.4911234976        0.3568221205        0.7946544434
        0.0000000000        0.0000000000        1.0000000000
        0.2592300217        0.1883416421        0.9472735728
        0.4809588848        0.5822401723       -0.6554959442
        0.1875924658        0.5773503116       -0.7946544434
        0.2628655347        0.8090170239       -0.5257310774
        0.0143241152        0.9420843363       -0.3350700269
        0.3035309688        0.9341723755       -0.1875924407
        0.3061017183        0.9420843300        0.1370359559
        0.2763931835        0.8506508506        0.4472135267
        0.1624598410        0.5000000368        0.8506507881
        0.0468717118        0.7537427345        0.6554959442
        0.4051188079        0.6373412105        0.6554959442
        0.5421549066       -0.7705816857       -0.3350700269
        0.7236069074       -0.5257310198       -0.4472135267
        0.5877853497       -0.8090169236       -0.0000000038
        0.8013848617       -0.5822400271       -0.1370359594
        0.5653318556       -0.7537426446        0.3350700208
        0.7946545375       -0.5773501926        0.1875924336
        0.7023678228       -0.2774969011       -0.6554959278
        0.9004018853       -0.2774968975       -0.3350700177
        0.9510565403       -0.3090169204        0.0000000000
        0.8915490583       -0.3047431047        0.3350700177
        0.7313361203       -0.1883416253        0.6554959278
        0.6881910303       -0.4999999568        0.5257310615
        0.7023677748        0.2774970225       -0.6554959278
        0.8506508396        0.0000000562       -0.5257310615
        0.6070620601        0.0000000525       -0.7946544250
        0.9004018459        0.2774970215       -0.3350700208
        0.9822469541        0.0000000525       -0.1875924336
        0.9510565054        0.3090170278        0.0000000038
        0.8944272254        0.0000000000        0.4472135267
        0.9905660734        0.0000000277        0.1370359594
        0.8915490361        0.3047431594        0.3350700269
        0.7313361012        0.1883416421        0.6554959442
        0.5257311687        0.0000000151        0.8506507734
        0.8013847778        0.5822401435       -0.1370359559
        0.5421547734        0.7705817794       -0.3350700269
        0.7236068165        0.5257311449       -0.4472135267
        0.7946544675        0.5773502867        0.1875924407
        0.5877852313        0.8090170096        0.0000000000
        0.5653317450        0.7537427248        0.3350700269
        0.6881909689        0.5000000245        0.5257310774

